07:00:20,18,26.5,81.3
07:01:20,17,26.5,81.3
07:02:21,16,26.5,81.3
07:03:21,19,26.5,81.6
07:04:21,18,26.5,81.9
07:05:21,25,26.6,82.3
07:06:21,17,26.6,82.2
07:07:21,14,26.7,82.6
07:08:21,30,26.6,82.5
07:09:21,21,26.7,82.5
07:10:21,23,26.7,82.5
07:11:21,15,26.7,82.5
07:12:21,17,26.7,82.6
07:13:21,15,26.7,82.6
07:14:21,10,26.7,82.6
07:15:21,15,26.7,82.6
07:16:21,21,26.7,82.6
07:17:21,19,26.7,82.7
07:18:21,17,26.7,83.2
07:19:21,28,26.6,83.5
07:20:21,20,26.7,83.6
07:21:21,18,26.7,83.3
07:22:21,17,26.8,83.2
07:23:21,16,26.8,83.1
07:24:21,14,26.9,83.4
07:25:21,24,26.9,83.4
07:26:21,24,27.0,83.8
07:27:21,21,27.0,83.4
07:28:21,23,27.1,83.5
07:29:21,16,27.1,83.3
07:30:21,24,27.0,83.6
07:31:21,21,27.0,83.1
07:32:21,23,27.0,82.7
07:33:21,19,27.1,82.7
07:34:21,24,27.1,82.7
07:35:21,19,27.1,82.8
07:36:21,11,27.2,82.8
07:37:21,19,27.2,82.6
07:38:22,15,27.2,82.8
07:39:22,15,27.3,82.9
07:40:22,25,27.4,82.7
07:41:22,20,27.4,82.9
07:42:22,14,27.4,82.6
07:43:22,28,27.4,82.7
07:44:22,15,27.4,82.8
07:45:22,13,27.3,82.5
07:46:22,25,27.3,82.4
07:47:22,9,27.4,82.6
07:48:22,18,27.4,82.7
07:49:22,10,27.4,82.6
07:50:22,18,27.4,82.2
07:51:22,20,27.3,82.2
07:52:22,16,27.3,82.4
07:53:22,22,27.3,82.5
07:54:22,16,27.3,82.7
07:55:22,16,27.4,82.6
07:56:22,14,27.5,82.3
07:57:22,23,27.5,82.2
07:58:22,13,27.5,82.3
07:59:22,23,27.5,82.4
08:00:22,18,27.6,82.3
08:01:22,24,27.7,82.2
08:02:22,25,27.7,82.2
08:03:22,16,27.7,82.6
08:04:22,18,27.8,82.2
08:05:22,21,27.8,82.2
08:06:23,25,27.8,82.3
08:07:23,17,27.8,81.9
08:08:23,29,27.9,82.4
08:09:23,18,27.9,82.1
08:10:23,18,27.9,81.8
08:11:23,23,28.0,81.9
08:12:23,37,28.0,81.6
08:13:23,19,28.0,81.4
08:14:23,22,28.0,81.6
08:15:23,32,28.0,81.9
08:16:23,25,28.0,81.9
08:17:23,17,28.0,81.8
08:18:23,31,28.0,81.6
08:19:23,30,28.1,81.3
08:20:23,24,28.1,81.6
08:21:23,28,28.1,81.6
08:22:23,13,28.1,81.4
08:23:23,21,28.1,81.3
08:24:23,26,28.1,81.4
08:25:23,16,28.2,80.9
08:26:23,26,28.2,81.0
08:27:23,33,28.2,81.0
08:28:23,19,28.2,81.1
08:29:24,13,28.2,81.1
08:30:24,17,28.2,81.1
08:31:24,20,28.2,81.0
08:32:24,19,28.2,80.9
08:33:24,36,28.2,81.0
08:34:24,26,28.2,80.9
08:35:24,17,28.2,81.0
08:36:24,12,28.2,80.7
08:37:24,18,28.3,80.9
08:38:24,29,28.3,80.8
08:39:24,21,28.3,80.8
08:40:24,30,28.2,80.4
08:41:24,25,28.3,80.0
08:42:25,20,28.3,79.9
08:43:25,15,28.4,79.5
08:44:25,22,28.4,79.8
08:45:25,21,28.4,80.1
08:46:25,14,28.4,80.2
08:47:25,30,28.4,80.3
08:48:25,18,28.4,80.2
08:49:25,24,28.4,80.3
08:50:25,16,28.4,80.3
08:51:25,13,28.4,80.3
08:52:25,22,28.5,80.2
08:53:26,28,28.5,80.1
08:54:26,17,28.5,80.0
08:55:26,17,28.5,80.0
08:56:26,26,28.5,80.1
08:57:26,28,28.5,80.2
08:58:26,29,28.5,80.3
08:59:26,20,28.5,80.3
09:00:26,22,28.5,80.4
09:01:26,23,28.6,80.2
09:02:26,33,28.6,80.3
09:03:26,33,28.6,80.3
09:04:27,33,28.6,80.7
09:05:27,27,28.6,80.7
09:06:27,16,28.6,80.7
09:07:27,28,28.6,80.7
09:08:27,20,28.7,80.6
09:09:27,22,28.8,79.6
09:10:27,17,28.8,79.2
09:11:27,18,28.7,79.6
09:12:27,25,28.7,80.4
09:13:27,32,28.8,78.4
09:14:27,20,28.9,77.8
09:15:27,20,28.9,78.1
09:16:28,18,28.9,78.4
09:17:28,14,28.9,78.0
09:18:28,21,28.9,78.1
09:19:28,12,28.9,77.8
09:20:28,31,28.9,78.1
09:21:28,16,28.9,78.8
09:22:28,28,28.9,79.0
09:23:28,26,28.9,79.4
09:24:28,27,29.0,79.0
09:25:28,45,29.0,78.5
09:26:28,26,29.1,77.7
09:27:28,31,29.1,78.0
09:28:28,28,29.1,78.3
09:29:29,18,29.1,78.5
09:30:29,21,29.1,78.4
09:31:29,12,29.1,78.5
09:32:29,16,29.1,78.3
09:33:29,25,29.2,78.1
09:34:29,17,29.3,78.6
09:35:29,35,29.2,78.7
09:36:29,32,29.2,78.8
09:37:29,32,29.2,78.9
09:38:29,20,29.2,78.8
09:39:29,30,29.3,77.1
09:40:29,26,29.3,77.3
09:41:29,35,29.3,77.9
09:42:29,36,29.3,77.7
09:43:30,39,29.3,77.4
09:44:30,29,29.3,77.8
09:45:30,31,29.4,76.5
09:46:30,24,29.4,76.3
09:47:30,19,29.4,76.4
09:48:30,24,29.4,77.0
09:49:30,40,29.4,77.7
09:50:30,29,29.4,77.6
09:51:30,18,29.4,77.9
09:52:30,12,29.4,77.9
09:53:30,35,29.5,77.8
09:54:30,19,29.6,77.2
09:55:30,32,29.7,76.3
09:56:31,21,29.7,76.7
09:57:31,29,29.7,76.8
09:58:31,18,29.8,76.8
09:59:31,34,29.8,76.6
10:00:31,17,29.8,76.3
10:01:31,24,29.8,76.6
10:02:31,19,29.9,77.3
10:03:31,21,29.8,76.2
10:04:31,21,29.9,76.5
10:05:31,21,29.9,76.7
10:06:31,18,29.9,76.3
10:07:31,24,29.9,76.5
10:08:31,30,29.9,76.9
10:09:31,26,30.0,76.1
10:10:31,22,30.0,76.1
10:11:31,19,30.0,76.9
10:12:31,31,30.0,75.1
10:13:31,41,30.1,75.5
10:14:31,20,30.2,74.5
10:15:31,36,30.2,75.1
10:16:31,24,30.2,75.5
10:17:31,22,30.2,75.6
10:18:31,19,30.1,75.4
10:19:31,28,30.2,75.1
10:20:31,19,30.2,75.4
10:21:31,22,30.2,75.6
10:22:31,25,30.2,75.5
10:23:31,20,30.3,75.7
10:24:31,18,30.4,74.3
10:25:31,31,30.6,72.8
10:26:31,17,30.6,70.0
10:27:31,29,30.6,71.8
10:28:31,37,30.6,72.1
10:29:31,26,30.5,72.8
10:30:31,29,30.5,73.2
10:31:31,31,30.5,72.9
10:32:31,29,30.6,73.9
10:33:32,40,30.5,73.5
10:34:32,18,30.5,73.2
10:35:32,24,30.5,73.7
10:36:32,24,30.5,73.4
10:37:32,17,30.4,74.1
10:38:32,31,30.4,74.3
10:39:32,26,30.4,74.5
10:40:32,19,30.4,74.3
10:41:32,26,30.4,74.0
10:42:32,35,30.4,74.6
10:43:32,37,30.4,73.7
10:44:32,27,30.4,73.2
10:45:32,23,30.5,73.2
10:46:32,24,30.4,72.8
10:47:32,13,30.4,72.5
10:48:32,16,30.5,72.4
10:49:32,29,30.5,71.7
10:50:32,17,30.5,72.5
10:51:32,25,30.5,72.9
10:52:32,27,30.5,73.1
10:53:32,22,30.4,73.0
10:54:32,31,30.4,72.0
10:55:32,25,30.4,72.8
10:56:32,23,30.4,73.1
10:57:32,186,30.5,73.0
10:58:32,34,30.5,72.3
10:59:32,32,30.7,72.4
11:00:32,21,30.7,72.0
11:01:32,11,30.7,72.4
11:02:33,11,30.7,73.2
11:03:33,351,30.7,73.4
11:04:33,89,30.8,74.3
11:05:33,281,30.8,73.1
11:06:33,35,30.7,73.5
11:07:33,21,30.8,74.1
11:08:33,35,31.0,73.5
11:09:33,25,31.2,72.8
11:10:33,12,31.4,71.2
11:11:33,192,31.6,72.7
11:12:33,227,31.8,69.8
11:13:33,22,31.7,71.4
11:14:33,34,31.6,69.3
11:15:34,11,31.5,69.5
11:16:34,19,31.4,68.3
11:17:34,30,31.4,69.4
11:18:34,35,31.2,70.1
11:19:34,19,31.2,70.7
11:20:34,37,31.2,70.1
11:21:34,38,31.2,69.8
11:22:34,51,31.2,69.9
11:23:34,29,31.1,71.1
11:24:34,21,31.2,71.0
11:25:34,18,31.2,70.7
11:26:34,26,31.2,70.9
11:27:34,22,31.2,71.3
11:28:34,15,31.1,71.2
11:29:34,37,31.0,71.6
11:30:34,18,31.0,72.1
11:31:34,28,31.0,72.4
11:32:34,18,31.1,73.4
11:33:34,12,31.1,72.3
11:34:34,22,31.2,71.8
11:35:35,21,31.2,72.1
11:36:35,24,31.3,72.1
11:37:35,24,31.3,71.4
11:38:35,14,31.3,71.8
11:39:35,25,31.3,70.9
11:40:35,24,31.3,71.1
11:41:35,27,31.3,71.1
11:42:35,25,31.4,70.6
11:43:35,29,31.3,70.5
11:44:35,22,31.4,70.6
11:45:35,20,31.5,69.9
11:46:35,16,31.5,69.7
11:47:35,18,31.5,69.9
11:48:35,21,31.4,70.5
11:49:35,24,31.3,70.8
11:50:35,20,31.4,70.9
11:51:35,16,31.4,69.9
11:52:35,15,31.5,69.8
11:53:35,29,31.6,70.2
11:54:35,24,31.5,70.1
11:55:36,12,31.5,69.6
11:56:36,14,31.6,70.0
11:57:36,22,31.5,70.5
11:58:36,27,31.5,70.5
11:59:36,11,31.6,70.4
12:00:36,18,31.6,70.0
12:01:36,15,31.7,70.0
12:02:36,16,31.6,70.0
12:03:36,19,31.6,70.1
12:04:36,26,31.6,70.4
12:05:36,17,31.6,70.5
12:06:36,15,31.6,70.8
12:07:36,23,31.5,71.3
12:08:36,23,31.4,71.4
12:09:36,24,31.4,71.3
12:10:36,18,31.3,71.8
12:11:36,25,31.3,71.8
12:12:36,16,31.5,71.2
12:13:36,27,31.5,71.2
12:14:36,24,31.5,70.2
12:15:37,21,31.5,69.7
12:16:37,28,31.6,69.8
12:17:37,10,31.5,70.0
12:18:37,16,31.5,70.8
12:19:37,19,31.5,71.2
12:20:37,15,31.6,71.1
12:21:37,27,31.7,70.3
12:22:37,19,31.7,69.3
12:23:37,18,31.8,69.0
12:24:37,15,31.8,69.4
12:25:37,20,31.7,70.0
12:26:37,22,31.7,70.8
12:27:37,26,31.7,70.8
12:28:37,13,31.6,71.0
12:29:37,14,31.6,71.1
12:30:37,18,31.6,70.5
12:31:37,22,31.6,70.7
12:32:37,18,31.6,71.1
12:33:37,20,31.8,70.9
12:34:37,18,31.7,71.4
12:35:37,17,31.7,71.4
12:36:38,20,31.7,71.3
12:37:38,13,31.7,71.4
12:38:38,28,31.7,71.4
12:39:38,25,31.7,71.4
12:40:38,22,31.7,71.5
12:41:38,15,31.7,70.9
12:42:38,24,31.8,70.4
12:43:38,18,31.9,70.2
12:44:38,18,31.9,70.2
12:45:38,24,31.9,70.9
12:46:38,22,31.9,70.8
12:47:38,26,31.8,70.9
12:48:38,23,31.8,70.9
12:49:38,21,31.8,71.0
12:50:38,20,31.8,70.1
12:51:38,26,31.9,70.0
12:52:38,21,31.8,70.3
12:53:38,25,31.9,69.8
12:54:38,32,31.9,70.2
12:55:39,17,31.9,70.1
12:56:39,19,31.9,70.3
12:57:39,16,32.0,70.2
12:58:39,21,31.9,70.4
12:59:39,15,31.8,71.0
13:00:39,18,31.8,70.6
13:01:39,29,31.8,70.6
13:02:39,22,31.9,70.5
13:03:39,30,32.0,69.9
13:04:39,16,32.1,69.3
13:05:39,19,32.0,69.9
13:06:39,23,32.0,69.4
13:07:39,20,31.9,70.2
13:08:39,20,31.9,70.2
13:09:39,23,31.8,71.4
13:10:39,16,31.8,71.3
13:11:40,23,31.8,71.6
13:12:40,21,31.8,71.2
13:13:40,16,31.8,71.3
13:14:40,20,31.9,71.1
13:15:40,22,31.9,71.2
13:16:40,17,31.9,71.0
13:17:40,19,31.9,70.5
13:18:40,21,31.8,70.3
13:19:40,14,31.8,70.4
13:20:40,15,31.8,70.5
13:21:40,22,31.8,70.7
13:22:40,20,31.8,70.8
13:23:41,21,31.8,70.9
13:24:41,19,31.9,70.2
13:25:41,10,32.0,69.9
13:26:41,12,32.0,70.1
13:27:41,14,32.0,69.9
13:28:41,17,32.0,70.1
13:29:41,18,31.9,70.5
13:30:41,22,31.9,70.7
13:31:41,24,31.9,71.0
13:32:41,18,31.8,70.4
13:33:41,13,31.8,70.1
13:34:42,18,31.9,70.9
13:35:42,14,31.8,71.2
13:36:42,16,31.8,71.2
13:37:42,19,31.8,71.0
13:38:42,17,31.8,70.6
13:39:42,27,31.9,69.8
13:40:42,16,31.9,69.5
13:41:42,23,31.9,69.8
13:42:42,20,31.8,69.8
13:43:42,18,31.8,69.7
13:44:42,18,31.8,70.2
13:45:42,30,31.8,69.9
13:46:42,6,31.8,69.9
13:47:42,15,31.8,70.1
13:48:42,25,31.8,69.8
13:49:43,18,31.9,69.8
13:50:43,13,31.9,69.9
13:51:43,13,31.9,69.8
13:52:43,20,31.9,69.8
13:53:43,20,31.9,70.1
13:54:43,19,31.9,69.2
13:55:43,17,31.9,69.2
13:56:43,16,31.9,69.0
13:57:43,22,31.9,69.2
13:58:43,18,31.9,69.4
13:59:43,17,31.9,69.3
14:00:44,16,31.9,69.5
14:01:44,23,31.9,69.7
14:02:44,23,31.8,69.8
14:03:44,23,31.7,70.1
14:04:44,29,31.7,68.9
14:05:44,8,31.8,69.1
14:06:44,30,31.8,69.3
14:07:44,15,31.8,70.2
14:08:44,11,31.7,69.8
14:09:44,17,31.7,69.5
14:10:44,29,31.8,69.7
14:11:44,25,31.8,69.5
14:12:44,17,31.7,70.0
14:13:44,24,31.8,70.2
14:14:44,26,31.8,70.0
14:15:44,15,31.8,70.1
14:16:44,21,31.8,69.5
14:17:44,27,31.8,69.6
14:18:44,20,31.8,70.0
14:19:44,17,31.9,68.8
14:20:44,20,31.9,68.4
14:21:44,21,31.8,69.1
14:22:44,16,31.8,69.4
14:23:44,23,31.9,69.4
14:24:44,19,31.9,68.9
14:25:44,18,31.9,68.6
14:26:44,33,31.9,68.6
14:27:45,23,31.9,69.1
14:28:45,14,31.9,69.0
14:29:45,18,31.9,68.9
14:30:45,16,31.9,69.0
14:31:45,22,31.9,68.7
14:32:45,9,31.9,69.0
14:33:45,19,31.9,69.1
14:34:45,19,31.9,69.1
14:35:45,18,31.9,69.5
14:36:45,27,31.9,69.2
14:37:45,16,31.9,69.3
14:38:45,17,31.9,69.5
14:39:45,15,31.8,69.6
14:40:45,19,31.8,69.6
14:41:45,21,31.8,69.3
14:42:45,14,31.8,69.5
14:43:45,20,31.8,69.7
14:44:45,24,31.8,69.3
14:45:45,16,31.7,69.7
14:46:45,17,31.7,69.6
14:47:45,15,31.7,69.1
14:48:45,10,31.8,68.8
14:49:45,14,31.8,68.7
14:50:45,11,31.8,68.8
14:51:45,19,31.8,69.5
14:52:45,20,31.8,69.5
14:53:46,21,31.8,69.4
14:54:46,25,31.8,68.9
14:55:46,21,31.9,69.2
14:56:46,21,31.9,69.3
14:57:46,30,32.0,69.5
14:58:46,21,31.9,69.7
14:59:46,17,31.9,69.9
15:00:46,16,31.9,70.0
15:01:46,23,31.9,70.0
15:02:46,13,31.9,69.7
15:03:46,18,31.9,69.5
15:04:46,13,31.9,69.4
15:05:46,20,31.8,69.1
15:06:46,18,31.8,69.1
15:07:46,19,31.7,69.3
15:08:46,14,31.8,69.0
15:09:46,19,31.8,68.9
15:10:46,19,31.8,69.1
15:11:46,13,31.8,69.1
15:12:46,18,31.8,69.5
15:13:47,28,31.8,69.2
15:14:47,12,31.8,69.1
15:15:47,14,31.8,68.8
15:16:47,21,31.7,68.6
15:17:47,15,31.7,68.7
15:18:47,15,31.8,68.9
15:19:47,24,31.7,68.4
15:20:47,17,31.7,68.0
15:21:47,13,31.7,68.4
15:22:47,21,31.7,68.7
15:23:48,16,31.7,69.1
15:24:48,19,31.7,69.3
15:25:48,23,31.7,69.2
15:26:48,24,31.7,69.3
15:27:48,21,31.5,69.7
15:28:48,20,31.6,69.5
15:29:48,13,31.5,69.9
15:30:48,19,31.5,69.7
15:31:48,28,31.4,69.6
15:32:49,17,31.4,69.7
15:33:49,12,31.4,69.6
15:34:49,21,31.4,69.6
15:35:49,24,31.4,69.5
15:36:49,17,31.4,69.7
15:37:49,15,31.4,69.8
15:38:49,17,31.3,69.8
15:39:49,21,31.4,69.9
15:40:49,21,31.3,70.0
15:41:50,19,31.3,70.1
15:42:50,16,31.2,70.5
15:43:50,14,31.1,70.8
15:44:50,27,31.1,71.3
15:45:50,14,31.1,71.0
15:46:50,11,31.1,71.1
15:47:50,19,31.1,71.3
15:48:50,28,31.0,71.0
15:49:50,12,31.1,71.2
15:50:50,16,31.1,71.2
15:51:50,22,31.1,70.9
15:52:51,24,31.1,70.8
15:53:51,16,31.1,70.9
15:54:51,18,31.1,71.4
15:55:51,14,31.1,71.2
15:56:51,22,31.0,71.4
15:57:51,14,31.0,71.5
15:58:51,18,30.9,71.8
15:59:51,22,30.9,71.9
16:00:51,13,30.9,72.1
16:01:51,18,31.0,72.3
16:02:52,19,31.0,72.1
16:03:52,18,30.9,71.8
16:04:52,25,30.9,72.0
16:05:52,14,30.9,72.1
16:06:52,16,30.9,72.2
16:07:52,21,30.9,72.3
16:08:52,11,30.9,72.6
16:09:52,13,30.9,72.2
16:10:52,16,30.9,72.3
16:11:52,15,30.8,72.4
16:12:53,24,30.8,72.4
16:13:53,11,30.8,72.4
16:14:53,25,30.8,72.5
16:15:53,8,30.7,72.6
16:16:53,14,30.7,72.6
16:17:53,20,30.7,72.3
16:18:53,18,30.7,72.1
16:19:53,14,30.7,72.4
16:20:53,19,30.7,72.5
16:21:53,26,30.7,72.8
16:22:54,21,30.6,72.7
16:23:54,22,30.6,72.8
16:24:54,18,30.6,72.9
16:25:54,17,30.6,73.0
16:26:54,8,30.5,73.3
16:27:54,23,30.5,73.2
16:28:54,15,30.5,73.2
16:29:54,9,30.4,73.5
16:30:54,19,30.4,73.6
16:31:54,14,30.4,73.5
16:32:54,22,30.4,73.4
16:33:54,16,30.4,73.6
16:34:55,27,30.4,73.4
16:35:55,19,30.4,73.6
16:36:55,25,30.4,73.4
16:37:55,20,30.3,73.4
16:38:55,15,30.3,73.4
16:39:55,25,30.3,73.5
16:40:55,12,30.3,73.6
16:41:55,28,30.3,73.7
16:42:55,13,30.3,73.8
16:43:55,13,30.3,74.0
16:44:55,22,30.3,74.1
16:45:55,18,30.3,74.2
16:46:55,20,30.3,74.1
16:47:55,9,30.4,74.2
16:48:55,18,30.3,74.2
16:49:55,13,30.3,74.4
16:50:55,19,30.2,74.7
16:51:55,9,30.2,74.3
16:52:55,20,30.2,74.3
16:53:55,17,30.3,74.3
16:54:55,13,30.3,74.2
16:55:55,21,30.3,74.2
16:56:55,16,30.3,74.4
16:57:55,16,30.3,74.5
16:58:56,6,30.3,74.5
16:59:56,14,30.2,74.4
17:00:56,20,30.2,74.5
17:01:56,10,30.2,74.6
17:02:56,22,30.2,74.6
17:03:56,16,30.2,74.7
17:04:56,16,30.1,74.7
17:05:56,12,30.1,74.7
17:06:56,10,30.0,74.6
17:07:56,11,30.1,74.3
17:08:56,26,30.1,74.3
17:09:56,17,30.1,74.4
17:10:57,16,30.1,74.3
17:11:57,27,30.1,74.4
17:12:57,16,30.1,74.3
17:13:57,16,30.0,74.3
17:14:57,16,30.0,74.3
17:15:57,19,30.0,74.2
17:16:57,22,30.0,74.4
17:17:57,23,30.0,74.4
17:18:57,14,30.0,74.4
17:19:58,18,29.9,74.5
17:20:58,20,29.9,74.4
17:21:58,27,29.9,74.4
17:22:58,24,29.9,74.4
17:23:58,20,29.8,74.5
17:24:58,12,29.8,74.4
17:25:58,19,29.9,74.6
17:26:58,9,29.9,74.6
17:27:58,7,29.8,74.6
17:28:59,14,29.8,74.7
17:29:59,15,29.8,74.7
17:30:59,16,29.8,74.7
17:31:59,16,29.8,74.7
17:32:59,15,29.7,74.8
17:33:59,11,29.7,74.9
17:34:59,14,29.7,75.0
17:35:59,22,29.7,75.0
17:36:59,17,29.7,74.8
17:37:59,9,29.7,74.7
17:38:59,17,29.7,74.8
17:39:59,19,29.7,74.9
17:40:59,13,29.6,75.1
17:41:59,21,29.6,75.1
17:42:59,19,29.6,75.1
17:43:59,26,29.6,75.2
17:44:59,24,29.5,75.2
17:45:59,22,29.5,75.1
17:46:59,13,29.5,75.3
17:47:59,21,29.5,75.5
17:48:59,16,29.5,75.6
17:49:59,19,29.5,75.6
17:50:59,17,29.6,75.6
17:51:59,23,29.5,75.7
17:52:59,17,29.5,75.8
17:54:00,16,29.5,75.8
17:55:00,12,29.5,75.9
17:56:00,18,29.5,75.8
17:57:00,13,29.5,76.0
17:58:00,16,29.5,76.0
17:59:00,15,29.5,76.0
18:00:00,21,29.5,75.8
18:01:00,25,29.5,75.9
18:02:00,17,29.5,75.9
18:03:00,17,29.5,76.1
18:04:00,10,29.5,76.1
18:05:00,13,29.6,76.1
18:06:00,15,29.5,76.1
18:07:00,19,29.5,76.2
18:08:00,12,29.5,76.2
18:09:00,12,29.5,76.2
18:10:00,12,29.5,76.4
18:11:01,15,29.5,76.4
18:12:01,10,29.6,76.1
18:13:01,9,29.6,76.1
18:14:01,20,29.6,76.2
18:15:01,7,29.5,76.3
18:16:01,15,29.5,76.5
18:17:01,23,29.4,76.7
18:18:01,7,29.4,76.7
18:19:01,17,29.3,76.8
18:20:01,17,29.3,77.0
18:21:01,14,29.3,77.0
18:22:01,20,29.3,77.0
18:23:01,12,29.2,77.2
18:24:01,16,29.3,77.2
18:25:01,23,29.2,77.2
18:26:01,17,29.2,77.3
18:27:01,16,29.2,77.4
18:28:01,14,29.2,77.5
18:29:01,18,29.2,77.5
18:30:01,11,29.2,77.5
18:31:01,23,29.2,77.5
18:32:01,17,29.1,77.6
18:33:01,18,29.2,77.7
18:34:02,25,29.1,77.8
18:35:02,16,29.1,77.8
18:36:02,13,29.1,77.9
18:37:02,12,29.1,77.9
18:38:02,12,29.2,77.9
18:39:02,22,29.1,78.0
18:40:02,18,29.1,78.0
18:41:02,25,29.2,78.0
18:42:02,20,29.1,77.9
18:43:02,9,29.1,77.8
18:44:02,19,29.2,78.0
18:45:02,13,29.2,78.0
18:46:02,12,29.2,77.9
18:47:02,12,29.2,77.9
18:48:02,14,29.3,77.7
18:49:02,19,29.3,77.6
18:50:02,17,29.3,77.7
18:51:02,15,29.3,77.6
18:52:02,16,29.3,77.6
18:53:02,16,29.2,77.6
18:54:02,19,29.2,77.5
18:55:03,22,29.2,77.6
18:56:03,18,29.2,77.7
18:57:03,17,29.2,77.6
18:58:03,15,29.3,77.7
18:59:03,10,29.3,77.6
19:00:03,16,29.3,77.6
19:01:03,18,29.3,77.6
19:02:03,16,29.3,77.6
19:03:03,16,29.3,77.7
19:04:03,24,29.3,77.8
19:05:03,15,29.2,77.9
19:06:03,21,29.2,78.2
19:07:03,14,29.2,78.2
19:08:03,18,29.2,78.2
19:09:04,13,29.2,78.2
19:10:04,15,29.2,78.2
19:11:04,14,29.2,78.1
19:12:04,25,29.2,78.1
19:13:04,15,29.1,78.1
19:14:04,18,29.1,78.0
19:15:04,16,29.1,78.2
19:16:04,17,29.1,78.2
19:17:04,9,29.1,78.2
19:18:04,21,29.1,78.3
19:19:04,19,29.1,78.3
19:20:04,21,29.1,78.3
19:21:04,20,29.1,78.2
19:22:04,14,29.0,78.2
19:23:04,10,29.0,78.5
19:24:04,18,28.9,78.6
19:25:04,20,29.0,78.6
19:26:04,17,29.0,78.6
19:27:04,10,29.0,78.6
19:28:04,16,29.0,78.5
19:29:04,15,29.1,78.5
19:30:04,12,29.1,78.5
19:31:04,21,29.1,78.6
19:32:05,18,29.1,78.6
19:33:05,23,29.0,78.6
19:34:05,25,29.0,78.9
19:35:05,15,29.0,78.8
19:36:05,14,29.0,78.8
19:37:05,17,29.0,78.8
19:38:05,25,29.0,78.9
19:39:05,14,29.0,78.7
19:40:05,22,29.0,78.9
19:41:06,20,29.0,78.9
19:42:06,13,29.0,79.0
19:43:06,22,29.0,78.9
19:44:06,8,29.0,79.0
19:45:06,14,29.0,79.1
19:46:06,11,29.0,78.8
19:47:06,19,29.0,78.8
19:48:06,23,29.0,78.7
19:49:06,13,29.0,78.8
19:50:06,13,29.0,78.9
19:51:07,18,29.0,79.0
19:52:07,20,29.0,78.8
19:53:07,17,29.0,78.7
19:54:07,12,29.0,78.6
19:55:07,13,29.0,78.7
19:56:07,20,29.0,78.6
19:57:07,14,29.0,78.6
19:58:07,18,28.9,78.7
19:59:07,10,28.9,78.9
20:00:08,20,28.9,78.9
20:01:08,14,28.9,78.9
20:02:08,16,28.9,78.7
20:03:08,12,28.9,78.9
20:04:08,19,28.9,78.8
20:05:08,14,28.9,78.7
20:06:08,19,28.9,78.8
20:07:08,22,28.9,78.7
20:08:08,16,28.9,78.7
20:09:08,12,28.9,78.7
20:10:08,18,28.9,78.7
20:11:08,17,28.9,78.7
20:12:08,10,28.9,78.8
20:13:08,14,28.9,78.9
20:14:08,15,28.9,78.9
20:15:08,19,28.9,78.9
20:16:08,11,28.9,78.9
20:17:08,14,28.9,79.0
20:18:08,18,28.9,79.1
20:19:08,18,28.9,79.1
20:20:08,18,28.9,79.2
20:21:08,13,28.9,79.0
20:22:09,14,28.9,79.1
20:23:09,18,28.9,79.1
20:24:09,18,28.9,79.0
20:25:09,19,28.8,79.0
20:26:09,15,28.8,79.2
20:27:09,17,28.8,79.1
20:28:09,13,28.8,79.2
20:29:09,35,28.8,79.2
20:30:09,18,28.8,79.1
20:31:09,10,28.8,79.2
20:32:09,12,28.8,79.1
20:33:09,25,28.8,79.2
20:34:09,16,28.7,79.3
20:35:09,17,28.7,79.5
20:36:09,17,28.7,79.5
20:37:09,14,28.7,79.6
20:38:09,19,28.6,79.8
20:39:09,15,28.7,79.8
20:40:09,24,28.7,79.8
20:41:10,19,28.7,79.8
20:42:10,13,28.6,79.9
20:43:10,28,28.7,79.5
20:44:10,13,28.9,79.1
20:45:10,26,29.0,78.7
20:46:10,14,29.0,78.6
20:47:10,16,29.1,78.5
20:48:10,13,29.1,78.4
20:49:10,12,29.1,78.4
20:50:10,15,29.2,78.3
20:51:10,18,29.2,78.1
20:52:10,24,29.2,78.1
20:53:10,23,29.3,78.0
20:54:10,16,29.3,77.9
20:55:10,14,29.3,77.7
20:56:10,12,29.3,77.7
20:57:10,10,29.3,77.7
20:58:11,19,29.3,77.7
20:59:11,13,29.3,77.7
21:00:11,15,29.2,78.0
21:01:11,11,29.2,78.0
21:02:11,21,29.2,77.9
21:03:11,24,29.3,77.9
21:04:11,19,29.2,77.8
21:05:11,14,29.3,77.8
21:06:11,23,29.3,77.8
21:07:11,23,29.2,77.9
21:08:11,22,29.3,77.9
21:09:11,12,29.3,77.8
21:10:11,17,29.3,77.7
21:11:11,21,29.3,77.7
21:12:11,17,29.3,77.6
21:13:12,26,29.3,77.7
21:14:12,19,29.2,77.8
21:15:12,20,29.2,78.0
21:16:12,15,29.2,77.9
21:17:12,14,29.3,77.7
21:18:12,13,29.3,77.6
21:19:12,13,29.3,77.7
21:20:12,21,29.3,77.8
21:21:12,17,29.3,77.7
21:22:12,18,29.3,77.7
21:23:12,23,29.3,77.5
21:24:12,14,29.3,77.4
21:25:12,18,29.3,77.5
21:26:12,11,29.3,77.4
21:27:12,23,29.3,77.5
21:28:13,20,29.3,77.5
21:29:13,10,29.3,77.3
21:30:13,19,29.4,77.2
21:31:13,22,29.3,77.3
21:32:13,18,29.3,77.2
21:33:13,15,29.3,77.2
21:34:13,12,29.3,77.2
21:35:13,23,29.3,77.3
21:36:13,19,29.3,77.2
21:37:13,15,29.3,77.2
21:38:13,16,29.3,77.1
21:39:13,16,29.3,77.1
21:40:13,18,29.3,77.0
21:41:13,17,29.3,77.1
21:42:13,18,29.3,77.1
21:43:13,27,29.2,77.3
21:44:13,15,29.3,77.1
21:45:13,11,29.2,77.2
21:46:13,25,29.2,77.3
21:47:13,19,29.2,77.3
21:48:13,27,29.2,77.2
21:49:13,18,29.2,77.2
21:50:13,21,29.2,77.3
21:51:14,10,29.2,77.3
21:52:14,17,29.2,77.3
21:53:14,16,29.2,77.4
21:54:14,26,29.2,77.4
21:55:14,14,29.2,77.5
21:56:14,19,29.2,77.4
21:57:14,9,29.1,77.4
21:58:14,18,29.1,77.5
21:59:14,22,29.1,77.5
22:00:15,15,29.1,77.4
22:01:15,13,29.2,77.2
22:02:15,11,29.2,77.3
22:03:15,13,29.2,77.2
22:04:15,24,29.2,77.4
22:05:15,13,29.1,77.3
22:06:15,16,29.1,77.4
22:07:15,18,29.2,77.3
22:08:15,15,29.2,77.2
22:09:15,22,29.1,77.3
22:10:15,25,29.1,77.5
22:11:15,17,29.1,77.4
22:12:15,30,29.2,77.2
22:13:15,24,29.2,77.0
22:14:15,16,29.2,77.2
22:15:15,14,29.2,77.1
22:16:15,9,29.2,77.1
22:17:15,17,29.1,77.2
22:18:15,15,29.1,77.2
22:19:15,12,29.1,77.2
22:20:15,16,29.2,77.1
22:21:15,17,29.2,77.1
22:22:15,16,29.1,77.0
22:23:15,19,29.1,77.1
22:24:15,13,29.1,77.1
22:25:16,16,29.1,77.1
22:26:16,19,29.1,77.2
22:27:16,23,29.1,77.1
22:28:16,25,29.1,77.3
22:29:16,9,29.1,77.1
22:30:16,18,29.1,77.3
22:31:16,15,29.1,77.3
22:32:16,21,29.1,77.2
22:33:16,18,29.1,77.1
22:34:16,15,29.2,76.9
22:35:16,10,29.2,76.9
22:36:16,23,29.2,76.7
22:37:16,18,29.1,76.7
22:38:16,23,29.1,76.9
22:39:16,25,29.2,76.9
22:40:16,20,29.1,76.9
22:41:16,7,29.1,76.9
22:42:16,19,29.2,76.7
22:43:16,17,29.2,76.5
22:44:16,17,29.2,76.6
22:45:16,14,29.2,76.6
22:46:16,10,29.1,76.6
22:47:16,13,29.1,76.8
22:48:16,16,29.0,76.9
22:49:16,20,29.1,76.7
22:50:17,28,29.1,76.5
22:51:17,19,29.1,76.6
22:52:17,14,29.0,76.7
22:53:17,19,29.0,76.9
22:54:17,11,29.1,76.8
22:55:17,17,29.1,76.8
22:56:17,16,29.0,77.2
22:57:17,12,29.0,77.3
22:58:17,22,29.0,77.2
22:59:17,15,29.0,77.3
23:00:17,14,29.1,77.1
23:01:17,25,29.0,77.3
23:02:17,21,29.1,77.1
23:03:17,17,29.1,76.9
23:04:17,13,29.1,76.9
23:05:18,21,29.1,77.0
23:06:18,11,29.0,77.1
23:07:18,11,29.0,77.2
23:08:18,17,29.0,77.5
23:09:18,22,29.0,77.4
23:10:18,15,29.0,77.4
23:11:18,10,29.0,77.3
23:12:18,15,28.9,77.7
23:13:18,11,28.9,77.8
23:14:18,14,28.9,77.9
23:15:18,10,29.0,77.6
23:16:18,23,29.0,77.7
23:17:18,15,29.0,77.7
23:18:18,24,29.1,77.5
23:19:18,21,29.1,77.5
23:20:18,22,29.2,77.3
23:21:18,24,29.2,77.3
23:22:18,18,29.1,77.5
23:23:18,18,29.1,77.3
23:24:18,11,29.1,77.5
23:25:18,21,29.1,77.5
23:26:18,21,29.1,77.4
23:27:19,18,29.1,77.4
23:28:19,26,29.1,77.5
23:29:19,13,29.1,77.4
23:30:19,18,29.1,77.4
23:31:19,20,29.1,77.4
23:32:19,18,29.1,77.3
23:33:19,10,29.1,77.3
23:34:19,23,29.2,77.1
23:35:19,27,29.2,77.1
23:36:19,20,29.2,77.1
23:37:19,19,29.1,77.2
23:38:19,20,29.1,77.2
23:39:19,13,29.2,77.1
23:40:19,14,29.1,77.3
23:41:19,18,29.2,77.3
23:42:19,10,29.1,77.4
23:43:19,17,29.1,77.4
23:44:19,19,29.2,77.3
23:45:19,19,29.2,77.3
23:46:19,21,29.2,77.1
23:47:20,25,29.2,77.0
23:48:20,15,29.2,77.2
23:49:20,12,29.1,77.2
23:50:20,11,29.1,77.2
23:51:20,24,29.2,77.1
23:52:20,20,29.1,77.2
23:53:20,22,29.1,77.5
23:54:20,11,29.0,77.5
23:55:20,17,29.0,77.6
23:56:20,15,29.0,77.5
23:57:20,24,29.1,77.3
23:58:20,21,29.1,77.3
23:59:20,16,29.1,77.2
00:00:21,21,29.1,77.2
00:01:21,22,29.1,77.2
00:02:21,19,29.1,77.1
00:03:21,21,29.1,77.3
00:04:21,17,29.1,77.2
00:05:21,19,29.1,77.2
00:06:21,15,29.1,77.1
00:07:21,16,29.1,77.0
00:08:21,26,29.1,77.0
00:09:22,12,29.1,77.1
00:10:22,13,29.0,77.3
00:11:22,19,29.0,77.4
00:12:22,19,29.0,77.4
00:13:22,15,28.9,77.6
00:14:22,17,28.9,77.5
00:15:22,15,29.0,77.3
00:16:22,18,29.0,77.3
00:17:22,19,29.0,77.5
00:18:22,20,29.0,77.4
00:19:22,12,29.0,77.3
00:20:22,22,29.0,77.3
00:21:22,17,29.0,77.4
00:22:23,20,28.9,77.4
00:23:23,17,29.0,77.4
00:24:23,16,28.9,77.4
00:25:23,19,29.0,77.3
00:26:23,15,29.0,77.2
00:27:23,10,29.0,77.2
00:28:23,24,28.9,77.3
00:29:23,19,29.0,77.2
00:30:23,21,29.0,77.3
00:31:23,28,29.0,77.2
00:32:23,19,29.0,77.1
00:33:23,19,29.0,77.3
00:34:24,22,28.9,77.3
00:35:24,11,28.9,77.4
00:36:24,20,28.9,77.4
00:37:24,9,28.9,77.5
00:38:24,20,28.8,77.6
00:39:24,24,28.9,77.6
00:40:24,14,28.9,77.5
00:41:24,21,28.9,77.5
00:42:24,12,28.9,77.5
00:43:24,16,28.9,77.7
00:44:24,20,28.8,77.7
00:45:24,18,28.8,77.7
00:46:24,17,28.9,77.8
00:47:24,12,28.9,77.8
00:48:24,19,28.8,77.8
00:49:24,13,28.8,77.8
00:50:24,16,28.8,77.9
00:51:25,15,28.8,77.8
00:52:25,18,28.8,78.1
00:53:25,18,28.9,78.1
00:54:25,12,28.9,77.9
00:55:25,14,29.0,77.6
00:56:25,17,29.0,77.5
00:57:25,10,29.0,77.5
00:58:25,21,28.9,77.5
00:59:25,19,28.9,77.5
01:00:25,14,28.9,77.5
01:01:25,25,28.9,77.5
01:02:25,25,28.9,77.4
01:03:25,16,29.0,77.3
01:04:26,10,29.0,77.2
01:05:26,13,29.0,77.2
01:06:26,10,29.0,77.1
01:07:26,18,29.0,77.1
01:08:26,16,28.9,77.3
01:09:26,17,28.9,77.3
01:10:26,11,28.9,77.5
01:11:26,20,28.9,77.6
01:12:26,20,28.9,77.7
01:13:26,16,28.9,77.6
01:14:26,24,28.9,77.6
01:15:26,16,28.9,77.6
01:16:26,11,28.9,77.5
01:17:26,16,28.9,77.4
01:18:26,16,28.9,77.5
01:19:26,24,29.0,77.3
01:20:26,24,29.0,77.3
01:21:26,13,28.9,77.5
01:22:26,17,28.8,77.8
01:23:27,13,28.9,77.7
01:24:27,23,28.9,77.6
01:25:27,18,28.9,77.7
01:26:27,16,28.9,77.8
01:27:27,29,28.8,77.8
01:28:27,24,28.8,77.8
01:29:27,25,28.8,78.0
01:30:27,20,28.8,77.9
01:31:27,20,28.8,78.1
01:32:27,12,28.8,78.0
01:33:27,15,28.8,78.0
01:34:27,15,28.8,77.9
01:35:27,19,28.8,77.9
01:36:27,17,28.8,78.0
01:37:27,19,28.8,78.0
01:38:27,16,28.8,78.0
01:39:28,32,28.8,78.0
01:40:28,15,28.7,78.2
01:41:28,11,28.8,78.1
01:42:28,22,28.8,78.0
01:43:28,13,28.8,78.0
01:44:28,20,28.8,78.0
01:45:28,15,28.7,78.2
01:46:28,19,28.7,78.2
01:47:28,16,28.7,78.3
01:48:28,12,28.7,78.4
01:49:28,13,28.7,78.3
01:50:28,20,28.7,78.4
01:51:28,25,28.7,78.2
01:52:28,14,28.8,78.1
01:53:28,17,28.7,78.3
01:54:28,19,28.7,78.2
01:55:28,26,28.7,78.1
01:56:29,19,28.7,78.1
01:57:29,20,28.7,78.1
01:58:29,21,28.7,78.1
01:59:29,14,28.7,78.1
02:00:29,22,28.6,78.4
02:01:29,21,28.6,78.4
02:02:29,24,28.7,78.2
02:03:29,16,28.7,78.1
02:04:29,16,28.7,78.1
02:05:29,14,28.7,77.9
02:06:29,13,28.7,78.1
02:07:29,10,28.6,78.2
02:08:29,12,28.6,78.1
02:09:29,30,28.6,78.1
02:10:30,23,28.6,78.1
02:11:30,19,28.6,77.9
02:12:30,23,28.6,78.0
02:13:30,21,28.7,77.9
02:14:30,20,28.7,77.8
02:15:30,10,28.6,77.8
02:16:30,18,28.7,77.8
02:17:30,14,28.7,77.7
02:18:30,9,28.6,77.8
02:19:30,21,28.6,77.7
02:20:30,20,28.6,77.8
02:21:30,18,28.6,77.8
02:22:31,16,28.7,77.7
02:23:31,13,28.6,77.6
02:24:31,14,28.6,77.7
02:25:31,14,28.6,77.8
02:26:31,15,28.6,77.8
02:27:31,13,28.6,77.7
02:28:31,23,28.6,77.8
02:29:31,12,28.6,77.6
02:30:31,12,28.7,77.6
02:31:31,5,28.6,77.7
02:32:31,10,28.5,77.7
02:33:31,18,28.6,77.8
02:34:31,22,28.6,77.6
02:35:31,18,28.6,77.6
02:36:31,25,28.6,77.8
02:37:32,11,28.6,77.6
02:38:32,20,28.6,77.5
02:39:32,20,28.6,77.5
02:40:32,23,28.6,77.5
02:41:32,8,28.6,77.5
02:42:32,17,28.5,77.6
02:43:32,17,28.6,77.7
02:44:32,21,28.6,77.6
02:45:32,18,28.6,77.5
02:46:32,14,28.6,77.6
02:47:32,12,28.6,77.6
02:48:32,18,28.6,77.5
02:49:32,15,28.6,77.5
02:50:32,15,28.6,77.5
02:51:32,17,28.6,77.6
02:52:32,18,28.6,77.5
02:53:32,21,28.5,77.7
02:54:33,9,28.5,78.0
02:55:33,24,28.4,78.2
02:56:33,15,28.4,78.3
02:57:33,20,28.4,78.2
02:58:33,16,28.4,78.3
02:59:33,21,28.4,78.3
03:00:33,20,28.4,78.3
03:01:33,21,28.4,78.4
03:02:33,15,28.5,78.1
03:03:33,16,28.5,78.2
03:04:33,22,28.4,78.3
03:05:33,25,28.4,78.3
03:06:34,18,28.5,78.2
03:07:34,19,28.4,78.2
03:08:34,16,28.4,78.4
03:09:34,22,28.4,78.4
03:10:34,16,28.4,78.3
03:11:34,16,28.4,78.2
03:12:34,17,28.4,78.2
03:13:34,17,28.4,78.3
03:14:34,16,28.4,78.4
03:15:34,9,28.4,78.3
03:16:34,26,28.4,78.3
03:17:34,15,28.4,78.3
03:18:34,21,28.4,78.3
03:19:34,18,28.4,78.4
03:20:34,13,28.3,78.4
03:21:35,16,28.3,78.4
03:22:35,18,28.4,78.4
03:23:35,12,28.3,78.4
03:24:35,14,28.3,78.4
03:25:35,13,28.3,78.3
03:26:35,11,28.3,78.3
03:27:35,10,28.3,78.4
03:28:35,13,28.3,78.4
03:29:35,21,28.3,78.5
03:30:35,9,28.3,78.5
03:31:35,32,28.3,78.5
03:32:35,13,28.3,78.6
03:33:35,13,28.2,78.6
03:34:35,8,28.3,78.5
03:35:35,20,28.3,78.6
03:36:36,12,28.3,78.6
03:37:36,14,28.3,78.5
03:38:36,14,28.3,78.5
03:39:36,13,28.2,78.5
03:40:36,14,28.2,78.6
03:41:36,20,28.2,78.6
03:42:36,15,28.2,78.6
03:43:36,15,28.2,78.6
03:44:36,18,28.2,78.7
03:45:36,14,28.2,78.6
03:46:36,14,28.2,78.6
03:47:36,14,28.2,78.6
03:48:36,22,28.2,78.7
03:49:36,11,28.1,78.7
03:50:37,11,28.1,78.7
03:51:37,19,28.2,78.6
03:52:37,15,28.2,78.6
03:53:37,23,28.2,78.6
03:54:37,19,28.2,78.5
03:55:37,18,28.2,78.4
03:56:37,18,28.2,78.3
03:57:37,17,28.2,78.3
03:58:37,31,28.2,78.3
03:59:37,15,28.2,78.3
04:00:37,12,28.2,78.3
04:01:37,17,28.2,78.3
04:02:37,10,28.2,78.3
04:03:37,24,28.2,78.3
04:04:37,19,28.2,78.4
04:05:37,16,28.2,78.4
04:06:37,18,28.1,78.4
04:07:37,16,28.2,78.4
04:08:37,14,28.1,78.4
04:09:37,15,28.1,78.4
04:10:37,15,28.2,78.3
04:11:37,18,28.3,78.2
04:12:37,18,28.3,78.0
04:13:37,25,28.3,77.8
04:14:37,25,28.3,77.9
04:15:38,22,28.3,77.9
04:16:38,21,28.3,77.8
04:17:38,14,28.3,77.8
04:18:38,18,28.3,77.7
04:19:38,23,28.3,77.8
04:20:38,32,28.3,77.8
04:21:38,7,28.3,77.7
04:22:38,12,28.3,77.6
04:23:38,15,28.3,77.7
04:24:38,16,28.2,77.7
04:25:38,13,28.3,77.5
04:26:38,18,28.3,77.4
04:27:38,12,28.3,77.5
04:28:39,21,28.3,77.6
04:29:39,14,28.3,77.3
04:30:39,11,28.3,77.4
04:31:39,13,28.3,77.5
04:32:39,12,28.3,77.6
04:33:39,11,28.2,77.6
04:34:39,16,28.2,77.6
04:35:39,25,28.2,77.7
04:36:39,8,28.2,77.7
04:37:39,17,28.2,77.8
04:38:39,17,28.2,77.8
04:39:39,19,28.2,77.6
04:40:39,22,28.2,77.5
04:41:39,25,28.2,77.5
04:42:39,19,28.2,77.7
04:43:39,20,28.2,77.4
04:44:40,21,28.2,77.5
04:45:40,19,28.2,77.5
04:46:40,16,28.2,77.4
04:47:40,12,28.2,77.4
04:48:40,16,28.2,77.3
04:49:40,4,28.3,77.2
04:50:40,18,28.3,77.2
04:51:40,26,28.3,77.1
04:52:40,12,28.3,77.0
04:53:40,13,28.4,76.9
04:54:40,15,28.3,77.0
04:55:40,19,28.3,77.2
04:56:40,19,28.2,77.3
04:57:41,14,28.2,77.3
04:58:41,20,28.2,77.4
04:59:41,9,28.2,77.4
05:00:41,14,28.2,77.4
05:01:41,25,28.2,77.4
05:02:41,28,28.2,77.5
05:03:41,22,28.2,77.4
05:04:41,23,28.2,77.5
05:05:41,10,28.2,77.4
05:06:41,9,28.2,77.3
05:07:41,11,28.2,77.3
05:08:41,18,28.2,77.4
05:09:41,16,28.3,77.2
05:10:42,9,28.3,77.2
05:11:42,9,28.3,77.2
05:12:42,23,28.2,77.5
05:13:42,11,28.2,77.5
05:14:42,14,28.2,77.5
05:15:42,27,28.2,77.6
05:16:42,17,28.2,77.5
05:17:42,10,28.2,77.5
05:18:42,16,28.2,77.5
05:19:42,20,28.2,77.5
05:20:42,8,28.2,77.6
05:21:42,8,28.2,77.7
05:22:42,7,28.3,77.6
05:23:43,18,28.2,77.7
05:24:43,20,28.2,77.8
05:25:43,18,28.2,77.8
05:26:43,21,28.1,77.9
05:27:43,18,28.2,77.6
05:28:43,16,28.2,77.6
05:29:43,13,28.2,77.7
05:30:43,14,28.2,77.7
05:31:43,29,28.2,77.8
05:32:43,26,28.2,77.7
05:33:43,20,28.2,77.8
05:34:43,10,28.2,78.0
05:35:43,17,28.1,78.0
05:36:43,20,28.2,77.6
05:37:44,10,28.2,77.5
05:38:44,12,28.2,77.6
05:39:44,15,28.3,77.5
05:40:44,18,28.3,77.3
05:41:44,25,28.3,77.3
05:42:44,15,28.3,77.3
05:43:44,23,28.4,77.2
05:44:44,13,28.3,77.3
05:45:44,16,28.3,77.2
05:46:44,6,28.4,77.3
05:47:44,25,28.3,77.2
05:48:44,15,28.4,77.2
05:49:44,16,28.4,77.3
05:50:44,14,28.3,77.3
05:51:45,12,28.3,77.3
05:52:45,21,28.4,77.2
05:53:45,24,28.4,77.3
05:54:45,14,28.4,77.2
05:55:45,26,28.4,77.4
05:56:45,28,28.4,77.1
05:57:45,13,28.5,77.0
05:58:45,11,28.5,77.0
05:59:45,17,28.4,77.4
06:00:45,107,28.4,77.3
06:01:45,13,28.4,77.2
06:02:45,18,28.4,77.2
06:03:45,17,28.4,77.2
06:04:45,13,28.4,77.3
06:05:45,19,28.3,77.6
06:06:46,22,28.3,77.6
06:07:46,26,28.4,77.4
06:08:46,12,28.4,77.3
06:09:46,16,28.3,77.4
06:10:46,16,28.3,77.6
06:11:46,18,28.3,77.5
06:12:46,18,28.3,77.5
06:13:46,18,28.3,77.7
06:14:46,26,28.3,77.7
06:15:46,19,28.3,77.6
06:16:46,24,28.3,77.5
06:17:46,19,28.4,77.2
06:18:46,15,28.3,77.5
06:19:46,24,28.4,77.4
06:20:46,25,28.4,77.1
06:21:46,19,28.3,77.4
06:22:46,16,28.2,77.7
06:23:46,24,28.3,77.6
06:24:47,11,28.3,77.5
06:25:47,18,28.4,77.4
06:26:47,28,28.4,77.2
06:27:47,14,28.4,77.0
06:28:47,14,28.4,77.1
06:29:47,14,28.4,77.2
06:30:47,16,28.4,77.2
06:31:47,20,28.5,76.9
06:32:47,17,28.4,77.0
06:33:47,14,28.4,77.1
06:34:47,22,28.4,77.2
06:35:47,26,28.5,77.1
06:36:47,17,28.5,77.0
06:37:48,19,28.4,77.0
06:38:48,17,28.5,77.0
06:39:48,27,28.4,77.0
06:40:48,14,28.4,77.2
06:41:48,17,28.4,77.1
06:42:48,22,28.5,77.0
06:43:48,25,28.4,77.1
06:44:48,21,28.4,77.2
06:45:48,22,28.5,77.0
06:46:48,32,28.5,76.8
06:47:48,19,28.5,76.9
06:48:49,14,28.4,76.9
06:49:49,20,28.4,77.0
06:50:49,14,28.4,77.2
06:51:49,15,28.4,77.2
06:52:49,16,28.4,77.2
06:53:49,30,28.4,77.1
06:54:49,19,28.5,77.0
06:55:49,12,28.5,76.9
06:56:49,25,28.4,77.0
06:57:49,28,28.4,77.2
06:58:49,21,28.4,77.2
06:59:49,10,28.4,77.1
