00,00,00,38,24.2,88.5
00,01,00,38,24.2,88.6
00,02,00,28,24.2,88.6
00,03,00,36,24.2,88.2
00,04,00,35,24.1,88.5
00,05,00,37,24.1,88.6
00,06,00,30,24.1,88.6
00,07,00,37,24.1,88.6
00,08,00,18,24.2,88.7
00,09,00,28,24.2,88.4
00,10,00,27,24.2,88.6
00,11,00,32,24.1,88.8
00,12,00,24,24.1,88.9
00,13,00,34,24.1,88.7
00,14,00,37,24.1,88.6
00,15,00,34,24.1,88.9
00,16,00,34,24.1,88.9
00,17,00,23,24.1,89
00,18,00,27,24.1,89.2
00,19,00,30,24.1,88.9
00,20,00,41,24.2,88.7
00,21,00,24,24.1,88.9
00,22,00,31,24.1,88.9
00,23,00,44,24,88.9
00,24,00,40,24,89.2
00,25,00,34,24,89.2
00,26,00,32,24,89.1
00,27,00,43,24.1,88.9
00,28,00,31,24.1,89
00,29,00,23,24.1,89
00,30,00,33,24.1,88.9
00,31,00,28,24.1,88.6
00,32,00,30,24.1,89
00,33,00,51,24,88.8
00,34,00,53,24,89.1
00,35,00,20,24,88.9
00,36,00,23,23.9,89.2
00,37,00,26,23.9,89.3
00,38,00,24,23.9,89.5
00,39,00,32,23.8,89.8
00,40,00,37,23.9,89.8
00,41,00,21,23.9,89.5
00,42,00,34,24,89.5
00,43,00,42,24,89.5
00,44,00,23,24,89.2
00,45,00,24,24.1,88.9
00,46,00,8,24.1,88.9
00,47,00,30,24,89
00,48,00,40,24,89
00,49,00,22,24,88.9
00,50,00,35,24,88.9
00,51,00,26,24,89
00,52,00,24,24,89
00,53,00,22,24,89
00,54,00,36,24,88.9
00,55,00,19,24,88.9
00,56,00,47,24,89
00,57,00,29,24,89
00,58,00,39,23.9,89.2
00,59,00,34,23.9,89.3
01,00,00,32,23.9,89.4
01,01,00,29,24,89.2
01,02,00,35,24,89.3
01,03,00,28,23.9,89
01,04,00,16,23.9,89.5
01,05,00,32,23.9,89.3
01,06,00,20,23.9,89.4
01,07,00,22,23.9,89.4
01,08,00,23,23.9,89.5
01,09,00,36,23.9,89.5
01,10,00,39,23.9,89.3
01,11,00,28,23.9,89.4
01,12,00,26,23.9,89.3
01,13,00,53,23.9,89.4
01,14,00,42,23.9,89.2
01,15,00,23,24,89.2
01,16,00,54,24,89.2
01,17,00,26,24,89
01,18,00,39,23.9,88.9
01,19,00,23,23.9,89
01,20,00,33,23.9,88.9
01,21,00,42,23.9,88.8
01,22,00,35,23.9,89
01,23,00,17,23.9,88.9
01,24,00,38,23.9,89.1
01,25,00,27,23.9,89.1
01,26,00,34,23.8,89.2
01,27,00,27,23.8,89.2
01,28,00,38,23.8,89
01,29,00,35,23.8,89.2
01,30,00,25,23.9,89
01,31,00,24,23.9,89
01,32,00,33,23.9,89.1
01,33,00,27,24,89
01,34,00,21,24,88.9
01,35,00,40,24,88.9
01,36,00,44,23.9,88.8
01,37,00,34,23.8,89.2
01,38,00,33,23.8,89.2
01,39,00,48,23.8,89.5
01,40,00,25,23.8,89.5
01,41,00,23,23.8,89.6
01,42,00,31,23.8,89.5
01,43,00,31,23.8,89.5
01,44,00,29,23.8,89.6
01,46,00,31,23.9,89.6
01,47,00,27,23.9,89.5
01,49,00,23,23.9,89.4
01,50,00,36,23.9,89.2
01,51,00,39,23.9,89.1
01,52,00,54,23.9,89
01,53,00,29,23.8,89.3
01,54,00,54,23.8,89.5
01,55,00,35,23.8,89.5
01,56,00,25,23.8,89.6
01,57,00,20,23.9,89.3
01,58,00,45,23.9,89.5
01,59,00,18,23.9,89
02,00,00,12,23.9,89
02,01,00,19,23.9,89.2
02,02,00,33,23.9,89.2
02,03,00,24,23.8,89.2
02,04,00,34,23.8,89.1
02,05,00,20,23.8,89.3
02,06,00,24,23.9,89.3
02,07,00,19,23.9,89.5
02,08,00,31,23.9,89.6
02,09,00,34,23.8,89.3
02,10,00,32,23.9,89.5
02,11,00,34,23.9,89.1
02,12,00,33,23.8,89
02,13,00,26,23.8,89.4
02,14,00,22,23.8,89.2
02,15,00,36,23.8,89.4
02,16,00,29,23.8,89.6
02,17,00,26,23.8,89.5
02,18,00,26,23.8,89.7
02,19,00,29,23.8,89.5
02,20,00,41,23.9,89.5
02,21,00,28,23.9,89
02,22,00,63,23.9,89
02,23,00,29,23.8,89.1
02,24,00,33,23.7,89.3
02,25,00,27,23.7,89.3
02,26,00,28,23.7,89.4
02,27,00,31,23.7,89.3
02,28,00,27,23.7,89.3
02,29,00,41,23.8,89.2
02,30,00,29,23.8,89.1
02,31,00,35,23.7,89.3
02,32,00,30,23.7,89.2
02,33,00,24,23.7,89.1
02,34,00,32,23.7,89.1
02,35,00,41,23.7,89.2
02,36,00,31,23.6,89.5
02,37,00,57,23.7,89.2
02,38,00,45,23.7,89.2
02,39,00,34,23.7,89
02,40,00,33,23.6,89
02,41,00,20,23.6,89.3
02,42,00,25,23.6,89.2
02,43,00,5,23.6,89.4
02,44,00,30,23.6,89.3
02,45,00,34,23.6,89.3
02,46,00,34,23.6,89.2
02,47,00,26,23.6,89
02,48,00,37,23.6,88.8
02,49,00,46,23.6,88.8
02,50,00,28,23.6,88.8
02,51,00,21,23.6,88.7
02,52,00,32,23.6,88.9
02,53,00,27,23.5,89
02,54,00,43,23.5,89.5
02,55,00,34,23.5,89.7
02,56,00,47,23.6,89.2
02,57,00,25,23.6,89.2
02,58,00,37,23.6,89.1
02,59,00,28,23.5,89.2
03,00,00,26,23.4,89.2
03,01,00,27,23.4,89.2
03,02,00,31,23.4,89.1
03,03,00,28,23.5,88.9
03,04,00,40,23.5,88.9
03,05,00,27,23.5,89
03,06,00,14,23.4,89
03,07,00,37,23.4,89.2
03,08,00,42,23.3,89.2
03,09,00,35,23.3,89
03,10,00,27,23.4,89
03,11,00,22,23.4,88.8
03,12,00,35,23.4,88.7
03,13,00,30,23.4,88.7
03,14,00,39,23.5,88.7
03,15,00,37,23.5,88.4
03,16,00,30,23.5,88.4
03,17,00,27,23.4,88.3
03,18,00,40,23.4,88.8
03,19,00,33,23.3,88.7
03,20,00,30,23.3,88.6
03,21,00,44,23.3,88.8
03,22,00,31,23.3,88.8
03,23,00,32,23.3,88.9
03,24,00,47,23.3,88.7
03,25,00,28,23.4,88.6
03,26,00,24,23.4,88.5
03,27,00,38,23.4,88.5
03,28,00,49,23.3,88.4
03,29,00,33,23.3,88.6
03,30,00,47,23.2,88.8
03,31,00,24,23.3,88.7
03,32,00,24,23.4,88.5
03,33,00,13,23.4,88.6
03,34,00,18,23.4,88.4
03,35,00,23,23.4,88.3
03,36,00,22,23.4,88.3
03,37,00,37,23.3,88.3
03,38,00,25,23.3,88.3
03,39,00,25,23.3,88.6
03,40,00,20,23.3,88.4
03,41,00,19,23.4,88.1
03,42,00,43,23.3,88
03,43,00,15,23.3,88.1
03,44,00,33,23.3,88.2
03,45,00,54,23.4,88.6
03,46,00,36,23.4,88.3
03,47,00,45,23.4,88.2
03,48,00,24,23.4,88.2
03,49,00,38,23.3,87.9
03,50,00,48,23.3,87.6
03,51,00,33,23.3,87.5
03,52,00,26,23.2,87.6
03,53,00,28,23.2,87.7
03,54,00,15,23.2,87.8
03,55,00,30,23.2,88
03,56,00,37,23.2,88
03,57,00,39,23.2,88
03,58,00,42,23.2,87.9
03,59,00,27,23.2,88
04,00,00,37,23.2,87.8
04,01,00,29,23.1,88
04,02,00,32,23.1,88.1
04,03,00,24,23.1,88.2
04,04,00,44,23.1,88.3
04,05,00,16,23.1,88.1
04,06,00,29,23.1,87.9
04,07,00,34,23.1,87.8
04,08,00,31,23.1,87.7
04,09,00,25,23.1,87.8
04,10,00,26,23.1,87.9
04,11,00,45,23.1,88
04,12,00,33,23.1,88.2
04,13,00,23,23.1,88.3
04,14,00,23,23.1,88.2
04,15,00,15,23,88.3
04,16,00,41,23,88.1
04,17,00,29,23.1,88.1
04,18,00,23,23,88
04,19,00,38,23.1,88.2
04,20,00,21,23.1,87.8
04,21,00,29,23.1,87.9
04,22,00,29,23,88.1
04,23,00,43,23,88.1
04,24,00,10,23,88.1
04,25,00,28,23,88.1
04,26,00,34,23,87.9
04,27,00,22,23,88.1
04,28,00,35,23,88
04,29,00,38,23,88
04,30,00,19,23,88.1
04,31,00,39,23.1,88
04,32,00,14,23.1,87.8
04,33,00,34,23.1,88.1
04,34,00,27,23.1,88
04,35,00,31,23.1,87.9
04,36,00,22,23.1,87.9
04,37,00,25,23.1,88.2
04,38,00,36,23.1,88
04,39,00,28,23,88.4
04,40,00,21,23,88.7
04,41,00,27,23,88.5
04,42,00,38,23,88.8
04,43,00,28,22.9,89
04,44,00,17,23,88.9
04,45,00,23,23,89.1
04,46,00,27,23.1,88.9
04,47,00,38,23.1,88.6
04,48,00,50,23.1,88.7
04,49,00,28,23.1,88.9
04,50,00,30,23.1,88.7
04,51,00,23,23.1,88.8
04,52,00,38,23.1,89.1
04,53,00,32,23.2,88.8
04,54,00,20,23.2,88.6
04,55,00,18,23.2,88.4
04,56,00,17,23.2,88.4
04,57,00,29,23.2,88.4
04,58,00,19,23.2,88.4
04,59,00,16,23.2,88.7
05,00,00,25,23.2,88.6
05,01,00,39,23.2,88.8
05,02,00,33,23.2,89
05,03,00,25,23.1,89
05,04,00,20,23.2,88.8
05,05,00,34,23.2,88.6
05,06,00,25,23.2,88.8
05,07,00,22,23.2,89
05,08,00,45,23.2,89.3
05,09,00,23,23.3,89.6
05,10,00,23,23.3,89.5
05,11,00,25,23.3,90
05,12,00,32,23.2,90
05,13,00,46,23.3,90
05,14,00,39,23.3,89.5
05,15,00,15,23.3,89.3
05,16,00,19,23.3,89.4
05,17,00,24,23.3,89.2
05,18,00,39,23.4,89.2
05,19,00,48,23.3,89.6
05,20,00,33,23.3,90.1
05,21,00,27,23.3,90.4
05,22,00,25,23.3,90.1
05,23,00,20,23.3,90.4
05,24,00,27,23.3,90.5
05,25,00,27,23.3,90.4
05,26,00,37,23.4,89.8
05,27,00,35,23.5,89.6
05,28,00,38,23.5,89.3
05,29,00,27,23.4,89.6
05,30,00,27,23.3,89.8
05,31,00,35,23.3,89.8
05,32,00,26,23.3,89.7
05,33,00,28,23.3,89.9
05,34,00,22,23.4,89.7
05,35,00,40,23.4,89.6
05,36,00,33,23.5,89.5
05,37,00,30,23.4,89.9
05,38,00,27,23.4,90.3
05,39,00,28,23.4,90.2
05,40,00,31,23.5,90.1
05,41,00,45,23.5,89.6
05,42,00,23,23.5,89.5
05,43,00,47,23.5,89.7
05,44,00,29,23.5,89.2
05,45,00,32,23.4,89
05,46,00,46,23.4,89.3
05,47,00,37,23.4,89.5
05,48,00,46,23.5,89.5
05,49,00,34,23.5,89.6
05,50,00,25,23.5,89.8
05,51,00,36,23.5,89.6
05,52,00,9,23.5,89.9
05,53,00,28,23.5,90.1
05,54,00,21,23.5,89.7
05,55,00,34,23.6,89.7
05,56,00,22,23.7,89.5
05,57,00,29,23.7,89.4
05,58,00,26,23.6,89.8
05,59,00,37,23.6,90
06,00,00,32,23.5,90.4
06,01,00,16,23.5,90.6
06,02,00,30,23.5,90.6
06,03,00,24,23.5,90.4
06,04,00,35,23.4,90.3
06,05,00,63,23.5,90.4
06,06,00,20,23.6,89.8
06,07,00,37,23.6,89.9
06,08,00,46,23.5,90.4
06,09,00,22,23.5,90.8
06,10,00,43,23.5,90.9
06,11,00,28,23.4,90.6
06,12,00,22,23.5,90.4
06,13,00,30,23.5,90.3
06,14,00,24,23.6,89.9
06,15,00,35,23.6,89.9
06,16,00,14,23.6,90
06,17,00,38,23.6,89.8
06,18,00,36,23.6,89.8
06,19,00,47,23.6,89.8
06,20,00,37,23.6,89.7
06,21,00,30,23.6,89.5
06,22,00,34,23.7,89.2
06,23,00,27,23.6,89
06,24,00,22,23.7,89.2
06,25,00,20,23.7,89.2
06,26,00,32,23.8,89
06,27,00,31,23.8,89.2
06,28,00,37,23.8,89.3
06,29,00,25,23.7,89.6
06,30,00,51,23.8,89.4
06,31,00,21,23.8,89.9
06,32,00,39,23.7,90
06,33,00,33,23.7,90.1
06,34,00,39,23.8,89.5
06,35,00,27,23.7,89.6
06,36,00,30,23.7,89.7
06,37,00,28,23.8,89.7
06,38,00,25,23.8,90
06,39,00,22,23.8,89.7
06,40,00,32,23.9,89.7
06,41,00,29,23.8,89.6
06,42,00,28,23.8,89.8
06,43,00,24,23.9,89.7
06,44,00,20,23.9,89.5
06,45,00,27,24,89.8
06,46,00,34,24,89.3
06,47,00,30,24,89.3
06,48,00,32,24,89.6
06,49,00,14,24,90
06,50,00,12,24,89.7
06,51,00,31,24,89.8
06,52,00,55,24,89.6
06,53,00,49,24,89.4
06,54,00,33,24,89.5
06,55,00,25,24,89.4
06,56,00,37,24,89.3
06,57,00,33,24.1,89.2
06,58,00,25,24.1,89
06,59,00,37,24.1,88.9
07,00,00,41,24.1,88.7
07,01,00,12,24.1,89
07,03,00,25,24,89.9
07,04,00,38,24.1,89.4
07,05,00,38,24.1,89.7
07,06,00,35,24.1,89.1
07,07,00,51,24.2,89
07,08,00,24,24.2,88.8
07,09,00,43,24.3,88.7
07,10,00,35,24.4,89
07,11,00,22,24.4,89
07,12,00,36,24.4,88.2
07,13,00,35,24.3,87.8
07,14,00,34,24.3,88.4
07,15,00,27,24.3,88.8
07,16,00,30,24.4,88.6
07,17,00,45,24.4,88.4
07,18,00,52,24.5,88.6
07,19,00,40,24.6,88.3
07,20,00,43,24.7,88.1
07,21,00,42,24.7,88.4
07,22,00,39,24.7,87.6
07,23,00,50,24.7,88
07,24,00,30,24.8,87.8
07,25,00,36,24.8,88.1
07,26,00,49,24.8,87.2
07,27,00,37,24.9,87.5
07,28,00,42,24.9,87.5
07,29,00,33,25,87.2
07,30,00,36,25,87
07,31,00,44,25,86.5
07,32,00,38,25,86.5
07,33,00,29,24.9,86.7
07,34,00,59,24.8,86.8
07,35,00,22,24.8,86.8
07,36,00,36,24.8,87.1
07,37,00,54,24.9,87
07,38,00,28,25,86.9
07,39,00,30,25.1,86.7
07,40,00,54,25.2,86.2
07,41,00,14,25.2,85.8
07,42,00,41,25.2,86
07,43,00,43,25.3,85.7
07,44,00,37,25.3,85.6
07,45,00,32,25.3,85.9
07,46,00,38,25.4,85.2
07,47,00,54,25.3,85.7
07,48,00,36,25.2,85.4
07,49,00,44,25.2,85.4
07,50,00,31,25.2,84.6
07,51,00,45,25.3,85.1
07,52,00,33,25.3,84.8
07,53,00,35,25.4,85.1
07,54,00,34,25.4,84.6
07,55,00,40,25.3,84.6
07,56,00,41,25.4,85
07,57,00,36,25.3,84.8
07,58,00,40,25.3,84.3
07,59,00,41,25.3,84.8
08,00,00,34,25.3,84.8
08,01,00,37,25.4,83.8
08,02,00,38,25.4,84
08,03,00,41,25.5,83.4
08,04,00,37,25.5,83.1
08,05,00,56,25.5,83.9
08,06,00,33,25.6,83.9
08,07,00,32,25.6,84.1
08,08,00,44,25.6,84.2
08,09,00,49,25.5,83.4
08,10,00,43,25.5,84.1
08,11,00,49,25.6,83.8
08,12,00,21,25.7,83.6
08,13,00,33,25.7,84
08,14,00,49,25.8,83.9
08,15,00,28,25.7,82.3
08,16,00,28,25.7,83.6
08,17,00,44,25.8,83.9
08,18,00,46,26,82.9
08,19,00,41,26,82.7
08,20,00,36,26.1,82.2
08,21,00,41,26.2,81
08,22,00,50,26.2,81
08,23,00,67,26.1,81.6
08,24,00,47,26.2,82.5
08,25,00,49,26.3,82.4
08,26,00,46,26.4,82.4
08,27,00,44,26.4,80.1
08,28,00,63,26.3,81.1
08,29,00,50,26.2,81.5
08,30,00,42,26.2,80.9
08,31,00,29,26.3,80.4
08,32,00,51,26.3,80.3
08,33,00,56,26.4,80.8
08,34,00,39,26.4,80.9
08,35,00,56,26.4,81.1
08,36,00,38,26.5,81.9
08,37,00,48,26.6,81
08,38,00,33,26.5,80.8
08,39,00,34,26.5,81
08,40,00,33,26.6,81.3
08,41,00,31,26.7,80.8
08,42,00,48,26.7,80.3
08,43,00,42,26.8,80.4
08,44,00,22,26.8,80
08,45,00,47,26.9,79.4
08,46,00,34,26.9,80.7
08,47,00,46,26.9,81.1
08,48,00,42,26.9,81.5
08,49,00,33,26.9,81.4
08,50,00,38,26.9,80.8
08,51,00,44,26.9,81.2
08,52,00,40,26.9,81.2
08,53,00,43,27,81.6
08,54,00,38,27.1,81
08,55,00,54,27.1,80.9
08,56,00,36,27.2,79.4
08,57,00,51,27.1,78.8
08,58,00,31,27.1,79.7
08,59,00,29,27.2,78.9
09,00,00,32,27.2,79.2
09,01,00,48,27.2,79.8
09,02,00,33,27.3,78.4
09,03,00,56,27.2,77.9
09,04,00,41,27.2,79.1
09,05,00,70,27.3,80.1
09,06,00,31,27.3,79.5
09,07,00,48,27.4,80.3
09,08,00,48,27.4,80
09,09,00,16,27.4,80
09,10,00,41,27.5,80.7
09,11,00,33,27.5,80.6
09,12,00,26,27.6,80.9
09,13,00,35,27.7,80.6
09,14,00,23,27.7,79.5
09,15,00,46,27.7,79.9
09,16,00,58,27.8,80
09,17,00,47,27.7,79.2
09,18,00,30,27.7,78.1
09,19,00,49,27.7,78.4
09,20,00,44,27.7,78.3
09,21,00,34,27.7,79.6
09,22,00,49,27.8,79.5
09,23,00,46,27.8,79.1
09,24,00,35,27.8,79.3
09,25,00,37,27.8,79
09,26,00,40,27.7,78.3
09,27,00,47,27.7,78.2
09,28,00,38,27.6,78.9
09,29,00,49,27.6,78.7
09,30,00,43,27.6,78.6
09,31,00,33,27.5,78.6
09,32,00,37,27.5,79.2
09,33,00,27,27.5,78.8
09,34,00,48,27.4,79.3
09,35,00,48,27.4,80.1
09,36,00,45,27.4,80.4
09,37,00,20,27.5,81
09,38,00,36,27.5,79.9
09,39,00,28,27.4,79.6
09,40,00,43,27.4,78.4
09,41,00,31,27.3,78.1
09,42,00,26,27.4,79.4
09,43,00,45,27.4,79.5
09,44,00,34,27.3,79.3
09,45,00,32,27.4,79.2
09,46,00,45,27.4,79.5
09,47,00,33,27.4,79.5
09,48,00,63,27.4,79.2
09,49,00,58,27.4,79.6
09,50,00,45,27.4,79.7
09,51,00,29,27.4,80.5
09,52,00,27,27.4,79.5
09,53,00,34,27.4,79.8
09,54,00,29,27.4,80.4
09,55,00,23,27.5,80.1
09,56,00,40,27.5,80.6
09,57,00,54,27.6,80.2
09,58,00,42,27.6,80
09,59,00,34,27.6,80.1
10,00,00,29,27.6,79.7
10,01,00,36,27.6,79.5
10,02,00,43,27.7,80
10,03,00,61,27.7,80.6
10,04,00,62,27.8,79.9
10,05,00,41,27.7,80.2
10,06,00,38,27.8,80.3
10,07,00,35,27.9,80
10,08,00,29,27.9,80
10,09,00,45,27.9,79.5
10,10,00,50,27.9,79.4
10,11,00,39,27.8,79.3
10,12,00,48,27.8,80.1
10,13,00,41,27.8,80.3
10,14,00,31,27.7,80.4
10,15,00,35,27.8,80.4
10,16,00,45,27.8,80.9
10,17,00,28,27.9,80.1
10,18,00,31,27.9,80.2
10,19,00,36,28,80.2
10,20,00,49,28,80.4
10,21,00,66,28,80.1
10,22,00,47,27.9,80.7
10,23,00,47,28,80.4
10,24,00,32,28,81.3
10,25,00,33,28,80.7
10,26,00,57,28.1,80.5
10,27,00,23,28.1,80.6
10,28,00,46,28,80.5
10,29,00,37,28,80.6
10,30,00,32,28,79.5
10,31,00,35,27.9,79.8
10,32,00,65,27.9,79.9
10,33,00,42,27.8,80.2
10,34,00,49,27.8,79.8
10,35,00,39,27.9,80.3
10,36,00,43,27.9,81.1
10,37,00,58,28,80.8
10,38,00,44,28,81.1
10,39,00,48,28.1,81.2
10,40,00,36,28.1,80.1
10,41,00,35,28,80.3
10,42,00,26,28.1,80.8
10,43,00,41,28,79.9
10,44,00,55,28,80.7
10,45,00,37,28.1,80.9
10,46,00,36,28.2,79.9
10,47,00,44,28.2,80.3
10,48,00,50,28.2,79.8
10,49,00,36,28.2,79.8
10,50,00,47,28.2,79.3
10,51,00,46,28.1,79.1
10,52,00,57,28.1,79.5
10,53,00,28,28.2,80.3
10,54,00,9,28.1,78.7
10,55,00,56,28.1,79.2
10,56,00,27,28.2,78.9
10,57,00,41,28.3,79
10,58,00,55,28.4,79
10,59,00,51,28.5,79.2
11,00,00,50,28.6,79
11,01,00,41,28.7,78
11,02,00,48,28.7,78
11,03,00,56,28.8,78.1
11,04,00,67,28.9,77.5
11,05,00,39,29,76.9
11,06,00,40,29,77.8
11,07,00,45,29.1,78.3
11,08,00,63,29.2,76.5
11,09,00,50,29.3,77.7
11,10,00,30,29.4,77.7
11,11,00,54,29.5,77.5
11,12,00,44,29.6,77.1
11,13,00,51,29.7,79
11,14,00,73,29.8,76.5
11,15,00,46,29.8,76.4
11,16,00,40,29.9,75.4
11,17,00,54,30,74.7
11,18,00,50,30,75.2
11,19,00,57,30,75.4
11,20,00,57,30.1,77
11,21,00,73,30.1,75.4
11,22,00,32,30.1,76.3
11,23,00,55,30.2,75.5
11,24,00,58,30.3,74.5
11,25,00,15,30.2,74
11,26,00,66,30.2,74.8
11,27,00,55,30.2,74.6
11,28,00,19,30.3,74
11,29,00,41,30.3,75.6
11,30,00,70,30.4,76.4
11,31,00,77,30.5,73.9
11,32,00,24,30.6,73.3
11,33,00,32,30.6,74.2
11,34,00,52,30.7,73.1
11,35,00,35,30.7,74.2
11,36,00,37,30.7,73.6
11,37,00,40,30.8,75.4
11,38,00,49,30.8,72.8
11,39,00,46,30.8,71.9
11,40,00,37,30.8,73.6
11,41,00,41,30.8,73.4
11,42,00,30,30.8,72.6
11,43,00,45,30.8,75.4
11,44,00,37,30.7,73.2
11,45,00,21,30.7,72.9
11,46,00,50,30.7,73.1
11,47,00,59,30.7,70.2
11,48,00,44,30.7,71.7
11,49,00,60,30.7,71.6
11,50,00,51,30.8,70.9
11,51,00,46,30.7,71
11,52,00,39,30.6,73
11,53,00,44,30.6,72.5
11,54,00,42,30.7,72.2
11,55,00,42,30.8,71.8
11,56,00,40,30.8,73.7
11,57,00,52,30.8,72.6
11,58,00,51,30.8,71.6
11,59,00,56,30.9,72.8
12,00,00,55,30.9,71
12,01,00,58,30.9,72.3
12,02,00,36,30.9,71.8
12,03,00,50,30.9,71.4
12,04,00,62,30.9,70.9
12,05,00,50,30.9,70.9
12,06,00,34,30.8,71.5
12,07,00,33,30.7,73.7
12,08,00,47,30.6,71.4
12,09,00,42,30.4,73.5
12,10,00,27,30.4,75.4
12,11,00,28,30.3,71.8
12,12,00,47,30.1,73.9
12,13,00,51,30,73.5
12,14,00,39,30,73.9
12,15,00,48,30,73.4
12,16,00,31,30.1,74
12,17,00,31,30.1,74.1
12,18,00,31,30.1,73.6
12,19,00,29,29.9,73.8
12,20,00,41,29.8,74.7
12,21,00,61,29.9,74.4
12,22,00,46,29.8,74.7
12,23,00,31,29.8,73.6
12,24,00,39,29.7,74.1
12,25,00,49,29.8,74.4
12,26,00,32,29.8,74.7
12,27,00,47,29.8,73.9
12,28,00,27,29.7,73.3
12,29,00,40,29.8,73.4
12,30,00,36,29.9,73
12,31,00,31,30,72.8
12,32,00,42,29.9,73.3
12,33,00,55,30,73.4
12,34,00,34,30,73.4
12,35,00,41,30,72.9
12,36,00,47,29.9,72.3
12,37,00,47,29.9,72.9
12,38,00,40,29.9,73.6
12,39,00,39,29.8,74.1
12,40,00,61,29.7,73.2
12,41,00,35,29.6,73
12,42,00,29,29.7,74.1
12,43,00,37,29.7,73.2
12,44,00,31,29.7,73.7
12,45,00,57,29.7,74.1
12,46,00,45,29.7,74.2
12,47,00,49,29.7,74.6
12,48,00,39,29.8,73.6
12,49,00,48,29.9,73.7
12,50,00,41,29.9,74.5
12,51,00,62,29.9,73.5
12,52,00,33,29.8,73.5
12,53,00,38,29.9,73.6
12,54,00,52,29.7,73.7
12,55,00,28,29.8,75.8
12,56,00,47,29.8,74.8
12,57,00,35,29.8,73.5
12,58,00,40,29.9,75.2
12,59,00,60,29.9,73.3
13,00,00,39,30,73.8
13,01,00,52,30,73.5
13,02,00,47,30,74.3
13,03,00,45,30,72.9
13,04,00,33,30.1,74.5
13,05,00,40,30.1,75.1
13,06,00,44,30.1,73.6
13,07,00,52,30.1,72.6
13,08,00,31,30.2,73.5
13,09,00,53,30.2,74.3
13,10,00,24,30.1,72.3
13,11,00,46,30,73.7
13,12,00,39,30.1,74
13,13,00,49,30,73
13,14,00,39,29.9,72.8
13,15,00,44,29.7,72.5
13,16,00,46,29.6,74.9
13,17,00,42,29.7,74.4
13,18,00,51,29.7,74.7
13,19,00,39,29.7,74.4
13,20,00,16,29.7,72.8
13,21,00,24,29.7,72.6
13,22,00,36,29.7,73.4
13,23,00,16,29.6,73.5
13,24,00,58,29.6,73.2
13,25,00,44,29.6,72.9
13,26,00,50,29.6,73.9
13,27,00,13,29.5,72.7
13,28,00,33,29.5,74.4
13,29,00,62,29.6,73.8
13,30,00,53,29.4,71.8
13,31,00,20,29.4,72.8
13,32,00,42,29.5,73.2
13,33,00,35,29.6,73.7
13,34,00,43,29.6,73.6
13,35,00,45,29.6,75
13,36,00,33,29.6,73.5
13,37,00,40,29.7,73
13,38,00,40,29.8,74.5
13,39,00,36,29.8,73.9
13,40,00,26,29.9,73
13,41,00,34,29.9,72.7
13,42,00,42,30.1,74.5
13,43,00,44,30.1,73.8
13,44,00,62,30.2,73.2
13,45,00,53,30.3,72
13,46,00,47,30.3,72.5
13,47,00,36,30.4,71.5
13,48,00,46,30.4,70.1
13,49,00,60,30.4,70.9
13,50,00,30,30.4,71.9
13,51,00,48,30.4,72.4
13,52,00,50,30.4,71.4
13,53,00,56,30.4,72.3
13,54,00,40,30.5,72.5
13,55,00,52,30.5,71.8
13,56,00,37,30.4,71.9
13,57,00,46,30.3,73.4
13,58,00,45,30.4,72.9
13,59,00,25,30.4,72.8
14,00,00,52,30.3,72.8
14,01,00,71,30.3,73.2
14,02,00,42,30.4,74.2
14,03,00,30,30.3,72.6
14,04,00,43,30.3,72.9
14,05,00,54,30.3,73
14,06,00,50,30.3,72.7
14,07,00,50,30.3,71.2
14,08,00,56,30.3,72
14,09,00,58,30.2,70.4
14,10,00,43,30.3,72
14,11,00,56,30.3,71.6
14,12,00,22,30.2,70.4
14,13,00,37,30,70.9
14,14,00,58,30.1,72
14,15,00,38,30.2,71.3
14,16,00,23,30.2,70.8
14,17,00,36,30.2,71.1
14,18,00,31,30.2,70.5
14,19,00,48,30.3,69.8
14,20,00,41,30.3,70.7
14,21,00,36,30.3,70.4
14,22,00,46,30.1,70.4
14,23,00,25,30,69.4
14,24,00,49,30,69.6
14,25,00,37,30,69.6
14,26,00,38,30,70
14,27,00,52,29.9,69
14,28,00,34,29.7,69.2
14,29,00,41,29.6,69.5
14,30,00,29,29.6,69.6
14,31,00,19,29.6,70.2
14,32,00,31,29.6,69.7
14,34,00,30,29.5,69.5
14,35,00,32,29.4,69
14,36,00,18,29.4,70.3
14,37,00,43,29.5,70.7
14,38,00,41,29.5,70.4
14,39,00,31,29.5,69.5
14,40,00,47,29.5,71.4
14,41,00,70,29.5,69.9
14,42,00,53,29.5,70.2
14,43,00,33,29.5,69.7
14,44,00,34,29.3,69.4
14,45,00,51,29.3,70.4
14,46,00,42,29.4,70.1
14,47,00,46,29.3,71.1
14,48,00,31,29.2,70.2
14,49,00,30,29.2,70.8
14,50,00,63,29.1,70.1
14,51,00,53,29.1,70.8
14,52,00,55,29.2,71.1
14,53,00,46,29.2,71.2
14,54,00,29,29.2,71.4
14,55,00,36,29.2,70.1
14,56,00,32,29.1,72
14,57,00,52,29.2,71.8
14,58,00,37,29.2,71.3
14,59,00,40,29.2,71.5
15,00,00,43,28.9,71.5
15,01,00,47,28.8,72
15,02,00,25,28.7,72.9
15,03,00,35,28.8,72.4
15,04,00,43,28.7,71.6
15,05,00,43,28.6,71.8
15,06,00,48,28.6,72.1
15,07,00,36,28.5,72.5
15,08,00,37,28.6,72.5
15,09,00,39,28.7,74
15,10,00,47,28.8,72.8
15,11,00,28,28.7,73.2
15,12,00,28,28.7,73.4
15,13,00,67,28.7,72.9
15,14,00,25,28.7,72.7
15,15,00,13,28.8,72.6
15,16,00,27,28.7,72.6
15,17,00,18,28.7,72.6
15,18,00,37,28.7,72.4
15,19,00,42,28.8,71.8
15,20,00,30,28.7,73.2
15,21,00,23,28.8,73
15,22,00,41,28.7,73
15,23,00,28,28.7,73.3
15,24,00,50,28.7,72.6
15,25,00,31,28.5,73.5
15,26,00,31,28.6,73.4
15,27,00,39,28.6,72.9
15,28,00,25,28.7,73.7
15,29,00,38,28.6,72.2
15,30,00,14,28.5,72
15,31,00,34,28.4,72.5
15,32,00,30,28.5,72.2
15,33,00,20,28.5,72.1
15,34,00,23,28.5,72.1
15,35,00,39,28.5,72.8
15,36,00,25,28.4,72.9
15,37,00,32,28.4,72.4
15,38,00,22,28.4,73.1
15,39,00,22,28.4,73.6
15,40,00,29,28.4,71.6
15,41,00,26,28.4,71.9
15,42,00,19,28.4,73
15,43,00,22,28.5,72.7
15,44,00,30,28.5,74.2
15,45,00,35,28.5,73.6
15,46,00,24,28.5,72.4
15,47,00,33,28.4,72.2
15,48,00,29,28.4,72.1
15,49,00,38,28.4,71.3
15,50,00,48,28.4,72.5
15,51,00,31,28.4,72.7
15,52,00,22,28.5,72.8
15,53,00,24,28.5,73.8
15,54,00,52,28.6,73.3
15,55,00,48,28.7,73.6
15,56,00,16,28.7,73.7
15,57,00,34,28.6,71.9
15,58,00,22,28.6,72.3
15,59,00,32,28.7,72.6
16,00,00,42,28.7,72.6
16,01,00,39,28.7,72.7
16,02,00,45,28.7,73.5
16,03,00,32,28.7,73.5
16,04,00,40,28.7,73.4
16,05,00,36,28.8,73.7
16,06,00,24,28.8,73.1
16,07,00,22,28.7,73.1
16,08,00,27,28.7,72.6
16,09,00,25,28.7,73.8
16,10,00,21,28.8,72.4
16,11,00,25,28.6,71.7
16,12,00,30,28.4,71.9
16,13,00,18,28.4,72.8
16,14,00,28,28.4,73.3
16,15,00,33,28.3,73.2
16,16,00,37,28.3,73.4
16,17,00,20,28.3,73.6
16,18,00,35,28.3,73
16,19,00,28,28.3,73.3
16,20,00,40,28.2,72.9
16,21,00,36,28.2,73.8
16,22,00,50,28.1,73.9
16,23,00,39,28.2,74.4
16,24,00,32,28.2,74.6
16,25,00,27,28.2,74.5
16,26,00,12,28.3,74.1
16,27,00,25,28.3,73.9
16,28,00,39,28.3,73.9
16,29,00,33,28.3,74.2
16,30,00,36,28.2,74.3
16,31,00,34,28.1,73.8
16,32,00,19,28,73.9
16,33,00,26,28,75.1
16,34,00,32,27.8,75.2
16,35,00,49,27.7,75.3
16,36,00,35,27.8,75.2
16,37,00,22,27.7,75.5
16,38,00,25,27.7,75.3
16,39,00,31,27.7,76.5
16,40,00,33,27.7,76.2
16,41,00,30,27.8,75.9
16,42,00,20,27.8,75.5
16,43,00,30,27.6,75.9
16,44,00,31,27.7,75.8
16,45,00,44,27.8,76.6
16,46,00,32,27.8,75.9
16,47,00,31,27.9,75.6
16,48,00,28,27.9,75.8
16,49,00,33,27.9,76.1
16,50,00,25,27.9,75.5
16,51,00,49,27.9,76.4
16,52,00,30,27.8,75.8
16,53,00,22,27.8,76.3
16,54,00,34,27.6,76.5
16,55,00,35,27.6,76.2
16,56,00,39,27.4,77.1
16,57,00,21,27.5,77.2
16,58,00,39,27.5,77.6
16,59,00,33,27.4,77.5
17,00,00,28,27.5,77.5
17,01,00,24,27.4,77.5
17,02,00,11,27.4,76.5
17,03,00,30,27.3,78
17,04,00,38,27.4,77.9
17,05,00,46,27.4,77.6
17,06,00,36,27.4,77.1
17,07,00,37,27.4,77.3
17,08,00,26,27.5,77.1
17,09,00,25,27.5,77.3
17,10,00,30,27.4,77.1
17,11,00,51,27.4,77.4
17,12,00,30,27.4,77.6
17,13,00,39,27.4,77.8
17,14,00,23,27.5,77.5
17,15,00,24,27.5,77.6
17,16,00,31,27.5,77.2
17,17,00,16,27.5,77
17,18,00,21,27.5,77.1
17,19,00,28,27.4,77.1
17,20,00,42,27.3,77.3
17,21,00,17,27.3,77.4
17,22,00,29,27.3,78
17,23,00,20,27.2,77.4
17,24,00,22,27.1,78
17,25,00,33,27.1,78.4
17,26,00,19,27.1,78.6
17,27,00,30,27.2,78.8
17,28,00,42,27.3,77.8
17,29,00,21,27.2,77.5
17,30,00,17,27.1,77.6
17,31,00,19,27.1,78.1
17,32,00,30,27.1,78.2
17,33,00,29,27.1,78.1
17,34,00,25,27.1,78
17,35,00,24,27,78.6
17,36,00,31,27,78.7
17,37,00,12,27.1,78.5
17,38,00,28,27.1,78.4
17,39,00,34,27.1,78.3
17,40,00,22,27.1,78.7
17,41,00,29,27.1,78.8
17,42,00,30,27.2,78
17,43,00,41,27,78.7
17,44,00,16,27,78.6
17,45,00,43,27,79.4
17,46,00,23,27.1,79.3
17,47,00,27,27.1,78.1
17,48,00,28,27,78.6
17,49,00,38,27,78.9
17,50,00,37,27,78.7
17,51,00,37,27.1,79
17,52,00,16,27.1,78.1
17,53,00,27,27,78.6
17,54,00,37,27,79
17,55,00,16,27,78.9
17,56,00,47,27,78.4
17,57,00,19,27,78.4
17,58,00,30,27,79.3
17,59,00,39,27.1,78.8
18,00,00,19,27.1,78.7
18,01,00,14,27.1,78.4
18,02,00,23,27,78.5
18,03,00,33,27,78.6
18,04,00,19,27.1,78.6
18,05,00,29,27.1,79.1
18,06,00,43,27,79.4
18,07,00,38,27,79.6
18,08,00,46,27,79.4
18,09,00,29,27,79.3
18,10,00,26,27,79.2
18,11,00,12,27,79
18,12,00,23,27,79.4
18,13,00,22,27,79.6
18,14,00,35,27.1,79.7
18,15,00,25,27,79.6
18,16,00,27,27.1,79.7
18,17,00,26,27,79.7
18,18,00,31,26.9,79.4
18,19,00,19,26.9,79.8
18,20,00,12,26.8,79.7
18,21,00,25,26.7,80.3
18,22,00,33,26.7,80.5
18,23,00,36,26.7,80.5
18,24,00,14,26.8,80.5
18,25,00,29,26.7,80.6
18,26,00,19,26.7,79.9
18,27,00,18,26.6,80.6
18,28,00,32,26.6,81
18,29,00,26,26.7,81.2
18,30,00,34,26.7,80.6
18,31,00,23,26.7,80.4
18,32,00,32,26.6,80.4
18,33,00,24,26.7,80.6
18,34,00,29,26.7,80.8
18,35,00,22,26.8,80.6
18,36,00,25,26.6,80.8
18,37,00,17,26.6,81
18,38,00,25,26.7,80.7
18,39,00,22,26.6,80.8
18,40,00,33,26.4,81.1
18,41,00,27,26.5,81.3
18,42,00,36,26.5,82.3
18,43,00,25,26.6,81.3
18,44,00,15,26.6,81.2
18,45,00,41,26.6,81.2
18,46,00,28,26.6,81.4
18,47,00,25,26.7,80.8
18,48,00,33,26.7,81.6
18,49,00,30,26.7,80.9
18,50,00,29,26.7,80.9
18,51,00,24,26.7,81
18,52,00,19,26.6,81.3
18,53,00,29,26.6,81.6
18,54,00,19,26.6,82
18,55,00,37,26.5,82.2
18,56,00,26,26.5,81.6
18,57,00,33,26.6,81.8
18,58,00,24,26.6,81.3
18,59,00,24,26.6,81.2
19,00,00,28,26.5,81.6
19,01,00,16,26.5,82.1
19,02,00,16,26.5,82.1
19,03,00,21,26.5,82.3
19,04,00,11,26.5,82.3
19,05,00,18,26.5,82.4
19,06,00,29,26.5,82.1
19,07,00,22,26.5,81.9
19,08,00,19,26.5,81.8
19,09,00,18,26.4,82.3
19,10,00,39,26.4,82.4
19,11,00,32,26.5,82.4
19,12,00,18,26.5,81.6
19,13,00,35,26.5,81.6
19,14,00,23,26.5,81.6
19,15,00,26,26.5,81.7
19,16,00,15,26.5,81.9
19,17,00,19,26.5,81.4
19,18,00,24,26.5,81.4
19,19,00,30,26.6,81.6
19,20,00,25,26.5,81.7
19,21,00,30,26.4,82.1
19,22,00,20,26.4,82
19,23,00,17,26.5,81.9
19,24,00,39,26.5,81.8
19,25,00,18,26.4,82.5
19,26,00,16,26.4,82.8
19,27,00,32,26.3,82.7
19,28,00,32,26.3,82.8
19,29,00,37,26.3,82.6
19,30,00,36,26.3,83.7
19,31,00,23,26.3,83.5
19,32,00,30,26.3,83.5
19,33,00,32,26.4,83.3
19,34,00,30,26.2,83.1
19,35,00,19,26.2,83.4
19,36,00,28,26.2,83.4
19,37,00,24,26.3,83.2
19,38,00,16,26.3,83.2
19,39,00,35,26.3,83.5
19,40,00,22,26.3,83.7
19,41,00,34,26.2,84
19,42,00,36,26.3,83.7
19,43,00,21,26.3,83.2
19,44,00,28,26.2,83.8
19,45,00,27,26.2,84
19,46,00,33,26.3,83.7
19,47,00,31,26.2,83.9
19,48,00,39,26.2,83.7
19,49,00,32,26.2,83.9
19,50,00,36,26.3,83.9
19,51,00,27,26.2,83.9
19,52,00,19,26.2,84
19,53,00,38,26.2,84
19,54,00,26,26.1,84.3
19,55,00,32,26,84.6
19,56,00,28,26,84.8
19,57,00,27,26,84.7
19,58,00,41,26,84.9
19,59,00,31,26,85
20,00,00,33,26,84.6
20,01,00,28,26,84.9
20,02,00,29,26,84.7
20,03,00,22,26,84.8
20,04,00,9,26.1,84.6
20,05,00,42,26.1,84.7
20,06,00,35,26.1,85.2
20,07,00,27,26.1,84.7
20,08,00,33,26.1,84.7
20,09,00,16,26.1,84.8
20,10,00,17,26.1,85.3
20,11,00,23,26,85.5
20,12,00,23,26,85.2
20,13,00,7,26,85
20,14,00,35,26,85.1
20,15,00,27,25.9,85.4
20,16,00,41,25.9,85.4
20,17,00,19,26,85.7
20,18,00,32,26,85.3
20,19,00,12,26.1,85.4
20,20,00,23,26.1,85.2
20,21,00,26,26.1,85.3
20,22,00,21,26,85.4
20,23,00,32,26,85.6
20,24,00,36,26,85.4
20,25,00,29,26,85.1
20,26,00,30,26,85.4
20,27,00,30,26,85.7
20,28,00,22,26,86.2
20,29,00,47,26.1,85.8
20,30,00,42,26,86.1
20,31,00,31,26.1,85.5
20,32,00,16,26.1,85.6
20,33,00,18,26.1,85.2
20,34,00,23,26.1,85.7
20,35,00,27,26.1,85.5
20,36,00,20,26.1,85.6
20,37,00,36,26.1,85.5
20,38,00,30,26.1,85.7
20,39,00,20,26.1,86
20,40,00,24,26.1,86.3
20,41,00,28,26,86.1
20,42,00,13,26.1,86.1
20,43,00,32,26.1,86.1
20,44,00,16,26.1,86
20,45,00,23,26.1,86
20,46,00,23,26.1,86.2
20,47,00,24,26,86.4
20,48,00,39,26,86
20,49,00,25,26,86.3
20,50,00,41,26,86.2
20,51,00,34,26,86.5
20,52,00,23,26,86.4
20,53,00,25,25.9,86.8
20,54,00,32,26,87.1
20,55,00,30,25.9,87
20,56,00,34,26,86.9
20,57,00,28,25.9,86.5
20,58,00,18,25.9,86.5
20,59,00,31,26,86.8
21,00,00,32,25.9,86.8
21,01,00,15,25.8,87.5
21,02,00,15,25.8,87.9
21,03,00,24,25.9,87.7
21,04,00,13,25.9,87.5
21,05,00,21,25.9,87.6
21,06,00,22,25.9,87.3
21,07,00,27,25.9,87.3
21,08,00,24,25.9,87.3
21,09,00,29,25.9,87.4
21,10,00,38,25.9,87.1
21,11,00,12,25.9,87.5
21,12,00,21,25.8,87.4
21,13,00,23,25.8,87.5
21,14,00,33,25.8,87.9
21,15,00,34,25.8,87.3
21,16,00,41,25.8,87.1
21,17,00,34,25.8,87.1
21,18,00,32,25.7,87.3
21,19,00,20,25.7,87.4
21,20,00,13,25.7,87
21,21,00,30,25.7,86.7
21,22,00,25,25.8,86.2
21,23,00,27,25.7,86.3
21,24,00,25,25.7,86.4
21,25,00,30,25.7,86.7
21,26,00,18,25.8,86.3
21,27,00,28,25.7,86.4
21,28,00,12,25.7,86.2
21,29,00,15,25.7,86.2
21,30,00,25,25.8,86.1
21,31,00,27,25.8,86.3
21,32,00,39,25.7,86.2
21,33,00,38,25.7,86.3
21,34,00,24,25.8,85.9
21,35,00,38,25.7,86
21,36,00,37,25.7,86.3
21,37,00,19,25.7,85.1
21,38,00,27,25.7,85.6
21,39,00,24,25.6,85.8
21,40,00,25,25.6,85.6
21,41,00,44,25.7,85.7
21,42,00,17,25.7,85.5
21,43,00,55,25.7,84.9
21,44,00,20,25.7,84.8
21,45,00,17,25.7,85.4
21,46,00,38,25.7,85.5
21,47,00,42,25.6,86.1
21,48,00,29,25.5,85.9
21,49,00,50,25.6,85.8
21,50,00,23,25.6,85.2
21,51,00,32,25.7,85
21,52,00,48,25.7,84.8
21,53,00,16,25.6,85.5
21,54,00,29,25.6,85.5
21,55,00,23,25.6,85.8
21,56,00,15,25.6,85.7
21,57,00,36,25.5,86.1
21,58,00,17,25.6,86.3
21,59,00,25,25.6,86.3
22,00,00,22,25.6,86.4
22,01,00,33,25.6,86.6
22,02,00,22,25.6,86.7
22,03,00,16,25.6,86.3
22,04,00,23,25.5,86.8
22,05,00,29,25.5,86.9
22,06,00,18,25.5,86.7
22,07,00,34,25.5,87
22,08,00,30,25.5,86.6
22,09,00,41,25.6,86.3
22,10,00,33,25.6,85.6
22,11,00,29,25.6,85.8
22,12,00,28,25.6,85.8
22,13,00,19,25.6,85.8
22,14,00,20,25.6,85.6
22,15,00,35,25.5,85.6
22,16,00,25,25.6,85.7
22,17,00,29,25.6,85.8
22,18,00,30,25.6,86
22,19,00,22,25.6,86
22,20,00,40,25.6,85.9
22,21,00,34,25.6,86
22,22,00,62,25.6,86.1
22,23,00,37,25.6,86.3
22,24,00,38,25.6,86.3
22,25,00,31,25.5,86.2
22,26,00,38,25.6,86.4
22,27,00,21,25.6,86.2
22,28,00,24,25.6,86.3
22,29,00,16,25.6,86.3
22,30,00,27,25.6,86.2
22,31,00,31,25.6,86.2
22,32,00,32,25.6,86.2
22,33,00,35,25.7,86.2
22,34,00,19,25.6,86.5
22,35,00,24,25.6,86.5
22,36,00,18,25.6,85.8
22,37,00,20,25.6,85.7
22,38,00,23,25.6,86.1
22,39,00,14,25.6,86.1
22,40,00,38,25.6,85.5
22,41,00,28,25.7,85.6
22,42,00,33,25.6,85.9
22,43,00,43,25.6,85.9
22,44,00,30,25.7,85.9
22,45,00,38,25.6,86.2
22,46,00,22,25.6,86.2
22,47,00,27,25.6,86.4
22,48,00,36,25.5,86.5
22,49,00,29,25.5,86.6
22,50,00,24,25.4,86.8
22,51,00,21,25.3,87
22,52,00,19,25.3,87
22,53,00,15,25.3,86.7
22,54,00,30,25.3,86.5
22,55,00,33,25.4,86.6
22,56,00,36,25.4,86.5
22,57,00,13,25.3,86.6
22,58,00,39,25.3,86.7
22,59,00,34,25.3,86.8
23,00,00,35,25.3,86.8
23,01,00,28,25.3,86.9
23,02,00,32,25.3,86.8
23,03,00,37,25.2,86.8
23,04,00,27,25.2,86.8
23,05,00,26,25.2,86.9
23,06,00,26,25.3,86.8
23,07,00,43,25.1,87.2
23,08,00,35,25,87.8
23,09,00,25,25.1,87.4
23,10,00,23,25.2,87.1
23,11,00,38,25.2,87
23,12,00,26,25.3,86.7
23,13,00,26,25.3,86.6
23,14,00,24,25.2,87.1
23,15,00,36,25.2,87.2
23,16,00,36,25.2,87.1
23,17,00,46,25.3,87
23,18,00,10,25.2,86.7
23,19,00,17,25.1,87.1
23,20,00,37,25.1,87.3
23,21,00,23,25.1,87.3
23,22,00,22,25.1,87.2
23,23,00,33,25.1,87.2
23,24,00,27,25.1,87.1
23,25,00,31,25.1,87.1
23,26,00,36,25.2,87.2
23,27,00,33,25.2,86.8
23,28,00,30,25.3,86.9
23,29,00,38,25.3,86.8
23,30,00,44,25.2,86.9
23,31,00,17,25.2,87.3
23,32,00,25,25.1,87.3
23,33,00,26,25.1,87.1
23,34,00,26,25,87.4
23,35,00,19,25,87.6
23,36,00,21,25,87.5
23,37,00,27,25,87.7
23,38,00,21,25.1,87.4
23,39,00,39,25,87.7
23,40,00,40,25,87.8
23,41,00,45,25,87.9
23,42,00,30,25,87.8
23,43,00,34,25,87.9
23,44,00,21,25,87.7
23,45,00,20,25,87.8
23,46,00,46,25,87.9
23,47,00,26,25,87.9
23,48,00,26,25,87.7
23,49,00,44,25,87.8
23,50,00,34,25.1,87.5
23,51,00,4,25.1,87.4
23,52,00,35,25.1,87.3
23,53,00,14,25,87.3
23,54,00,34,25.1,87.3
23,55,00,23,25,87.1
23,56,00,32,25,87.5
23,57,00,46,25,87.5
23,58,00,19,25.1,87.5
23,59,00,39,25.1,87.6
