00,00,00,31,25.1,87.2
00,01,00,26,25.1,87.2
00,02,00,34,25.1,87.2
00,03,00,44,25.1,87.3
00,04,00,38,25.2,87.1
00,05,00,37,25.1,87.1
00,06,00,27,25.1,87.3
00,07,00,29,25,87.7
00,08,00,25,25,87.8
00,09,00,26,25,88
00,10,00,28,24.9,87.8
00,11,00,31,25,87.8
00,12,00,40,25,87.4
00,13,00,34,25,87.1
00,14,00,26,25,87.2
00,15,00,27,25.1,87.3
00,16,00,42,25.1,87
00,17,00,38,25.1,86.9
00,18,00,30,25.1,86.5
00,19,00,34,25.1,86.5
00,20,00,45,25.1,86.6
00,21,00,24,25.1,86.6
00,22,00,13,25.1,86.7
00,23,00,40,25.2,86.6
00,24,00,36,25.2,86.5
00,25,00,16,25.1,86.6
00,26,00,48,25.2,86.6
00,27,00,30,25.1,86.5
00,28,00,41,25.1,86.7
00,29,00,22,25.1,86.9
00,30,00,45,25.1,87.1
00,31,00,26,25.1,87.2
00,32,00,31,25.1,87.1
00,33,00,30,25.1,87.2
00,34,00,27,25.1,87.4
00,35,00,33,25.1,87.4
00,36,00,24,25.1,87.2
00,37,00,40,25.1,87.6
00,38,00,45,25.1,87.7
00,39,00,51,25.1,87.8
00,40,00,56,25.1,87.9
00,41,00,15,25.1,87.8
00,42,00,20,25.1,87.8
00,43,00,39,25.1,88
00,44,00,27,25.1,87.9
00,45,00,36,25.1,88.1
00,46,00,25,25.1,88.1
00,47,00,41,25.1,88.1
00,48,00,31,25.2,87.8
00,49,00,31,25.2,87.7
00,50,00,36,25.2,87.4
00,51,00,25,25.3,87
00,52,00,44,25.2,86.9
00,53,00,24,25.2,87.3
00,54,00,34,25.2,87
00,55,00,34,25.2,87.2
00,56,00,36,25.1,87.5
00,57,00,21,25.1,87.3
00,58,00,40,25.1,87.5
00,59,00,31,25.1,87.4
01,00,00,39,25.1,87.4
01,01,00,51,25.1,87.1
01,02,00,28,25.1,87.3
01,03,00,31,25.1,87.2
01,04,00,29,25.1,87.5
01,05,00,26,25,87.6
01,06,00,28,24.9,88
01,07,00,24,24.9,88.2
01,08,00,25,25,88
01,09,00,42,25,87.5
01,10,00,19,25.1,87.4
01,11,00,34,25.1,87.4
01,12,00,36,25,87.8
01,13,00,33,25,87.9
01,14,00,39,25,87.9
01,15,00,17,25,87.9
01,16,00,9,25,87.9
01,17,00,24,25,87.7
01,18,00,28,25,87.9
01,19,00,38,25.1,87.5
01,20,00,41,25,87.6
01,21,00,42,25.1,87.5
01,22,00,32,24.9,87.9
01,23,00,23,24.9,87.9
01,24,00,29,24.9,87.8
01,25,00,23,24.9,88.1
01,26,00,32,24.9,88.2
01,27,00,30,24.9,88.1
01,28,00,28,25,87.9
01,29,00,41,24.9,88.3
01,30,00,42,24.9,88.8
01,31,00,31,24.9,89.1
01,32,00,36,24.8,88.7
01,33,00,29,24.9,88.8
01,34,00,35,24.9,88.4
01,35,00,39,25,88.2
01,36,00,41,25,88.1
01,37,00,25,25,87.7
01,38,00,24,25.1,87.8
01,39,00,37,25.1,87.6
01,40,00,47,25.1,87.7
01,41,00,47,25.1,87.7
01,42,00,29,25.1,87.6
01,43,00,41,25.1,87.4
01,44,00,23,25.1,87.6
01,45,00,35,25.1,87.5
01,46,00,15,25.1,87.4
01,47,00,38,25.1,87.2
01,48,00,27,25.1,87.2
01,49,00,27,25.1,87.3
01,50,00,27,25.2,87.2
01,51,00,49,25.1,87.3
01,52,00,22,25.1,87.3
01,53,00,40,25.1,87.6
01,54,00,28,25.1,87.3
01,55,00,42,25,87.3
01,56,00,39,25,87.5
01,57,00,33,25,87.4
01,58,00,18,25,87.4
01,59,00,17,24.9,87.4
02,00,00,36,24.9,87.6
02,01,00,22,24.9,87.7
02,02,00,30,24.9,87.4
02,03,00,43,24.9,87.5
02,04,00,18,24.9,87.3
02,05,00,30,24.9,87.4
02,06,00,27,24.8,87.3
02,07,00,27,24.8,87.6
02,08,00,9,24.8,87.6
02,09,00,38,24.8,87.6
02,10,00,40,24.8,87.5
02,11,00,38,24.8,87.7
02,12,00,24,24.8,87.5
02,13,00,44,24.8,87.6
02,14,00,29,24.8,87.7
02,15,00,21,24.8,87.5
02,16,00,32,24.8,87.6
02,17,00,33,24.8,87.7
02,18,00,31,24.8,87.6
02,19,00,40,24.8,87.5
02,20,00,15,24.8,87.5
02,21,00,44,24.8,87.6
02,22,00,26,24.8,87.7
02,24,00,27,24.8,87.7
02,25,00,17,24.9,87.7
02,26,00,33,24.9,87.6
02,27,00,25,24.9,87.6
02,29,00,33,24.9,87.6
02,30,00,34,24.9,87.7
02,31,00,27,25,87.4
02,32,00,26,25,87.2
02,33,00,54,25,87.3
02,34,00,54,25,87.2
02,35,00,44,25,87.4
02,36,00,27,25,87.5
02,37,00,20,25,87.3
02,38,00,23,25,87.3
02,39,00,29,25,87.5
02,40,00,59,25,87.6
02,41,00,27,25,87.5
02,42,00,33,25,87.4
02,43,00,33,25,87.3
02,44,00,29,24.9,87.5
02,45,00,26,24.8,87.9
02,46,00,24,24.8,88.1
02,47,00,18,24.7,88.4
02,48,00,50,24.7,88.4
02,49,00,26,24.7,88.3
02,50,00,50,24.7,88.4
02,51,00,35,24.7,88.5
02,52,00,20,24.7,88.4
02,53,00,43,24.8,88.3
02,54,00,35,24.8,88.3
02,55,00,20,24.8,88.3
02,56,00,31,24.8,88.1
02,57,00,31,24.8,88.1
02,58,00,30,24.8,88
02,59,00,21,24.7,88.3
03,00,00,38,24.7,88.3
03,01,00,30,24.7,88.7
03,02,00,19,24.7,88.5
03,03,00,26,24.7,88.6
03,04,00,22,24.6,88.8
03,05,00,29,24.6,88.8
03,06,00,29,24.6,88.8
03,07,00,32,24.6,88.6
03,08,00,36,24.6,88.7
03,09,00,27,24.6,88.6
03,10,00,32,24.6,88.7
03,11,00,27,24.6,88.9
03,12,00,45,24.7,88.7
03,13,00,35,24.6,88.6
03,14,00,18,24.7,88.5
03,15,00,28,24.7,88.3
03,16,00,43,24.8,88.1
03,17,00,33,24.8,87.9
03,18,00,15,24.8,87.9
03,19,00,40,24.8,88.2
03,20,00,29,24.7,88.1
03,21,00,25,24.7,88.3
03,22,00,23,24.7,88.2
03,23,00,18,24.7,88.3
03,24,00,40,24.7,88.3
03,25,00,24,24.7,88.4
03,26,00,23,24.7,88.2
03,27,00,19,24.6,88.4
03,28,00,31,24.6,88.6
03,29,00,25,24.6,88.7
03,30,00,17,24.6,88.8
03,31,00,22,24.6,88.6
03,32,00,25,24.7,88.3
03,33,00,19,24.6,88.4
03,34,00,30,24.7,88.3
03,35,00,24,24.7,88.1
03,36,00,17,24.7,88
03,37,00,23,24.7,88
03,38,00,45,24.7,87.9
03,39,00,34,24.7,88.1
03,40,00,43,24.7,88
03,41,00,29,24.7,87.8
03,42,00,27,24.7,87.8
03,43,00,28,24.6,87.9
03,44,00,37,24.6,87.9
03,45,00,25,24.5,88.2
03,46,00,27,24.5,88.2
03,47,00,43,24.6,88.1
03,48,00,22,24.6,88
03,49,00,18,24.6,88.1
03,50,00,23,24.6,87.8
03,51,00,33,24.6,87.7
03,52,00,33,24.6,87.7
03,53,00,37,24.6,87.7
03,54,00,39,24.6,87.8
03,55,00,17,24.6,87.7
03,56,00,38,24.6,87.7
03,57,00,25,24.6,87.7
03,58,00,31,24.6,87.9
03,59,00,18,24.6,87.7
04,00,00,22,24.6,87.8
04,01,00,25,24.5,87.8
04,02,00,19,24.5,88.2
04,03,00,41,24.4,88.1
04,04,00,34,24.4,88.4
04,05,00,30,24.4,88.2
04,06,00,38,24.4,88.3
04,07,00,31,24.4,88.2
04,08,00,20,24.4,88.1
04,09,00,15,24.4,88.1
04,10,00,49,24.4,87.9
04,11,00,33,24.3,88.1
04,12,00,35,24.3,88.2
04,13,00,36,24.3,88.3
04,14,00,22,24.3,88.3
04,15,00,27,24.4,88.1
04,16,00,46,24.4,88
04,17,00,30,24.4,87.6
04,18,00,45,24.5,87.6
04,19,00,22,24.5,87.7
04,20,00,47,24.5,87.4
04,21,00,51,24.4,87.6
04,22,00,18,24.4,87.6
04,23,00,24,24.2,87.9
04,24,00,26,24.1,88.4
04,25,00,52,24.1,88.5
04,26,00,36,24.1,88.5
04,27,00,17,24.2,88.4
04,28,00,26,24.2,88.2
04,29,00,23,24.3,88
04,30,00,31,24.3,87.9
04,31,00,23,24.3,87.8
04,32,00,41,24.4,87.5
04,33,00,39,24.4,87.5
04,34,00,29,24.3,87.6
04,35,00,25,24.2,87.9
04,36,00,24,24.2,88.1
04,37,00,41,24.2,87.9
04,38,00,34,24.2,88
04,39,00,25,24.1,88.2
04,40,00,29,24.2,88.1
04,41,00,28,24.2,87.7
04,42,00,22,24.2,87.9
04,43,00,39,24.2,87.7
04,44,00,34,24.2,87.6
04,45,00,26,24.2,87.8
04,46,00,19,24.3,87.6
04,47,00,46,24.3,87.4
04,48,00,36,24.2,87.5
04,49,00,29,24.2,87.5
04,50,00,31,24.2,87.8
04,51,00,33,24.2,87.7
04,52,00,21,24.2,87.6
04,53,00,44,24.2,87.5
04,54,00,23,24.2,87.6
04,55,00,44,24.2,87.6
04,56,00,26,24.2,87.6
04,57,00,18,24.2,87.8
04,58,00,36,24.2,87.7
04,59,00,48,24.2,87.4
05,00,00,29,24.3,87.2
05,01,00,23,24.3,87.2
05,02,00,45,24.3,87.3
05,03,00,16,24.2,87.7
05,04,00,24,24.2,88
05,05,00,35,24.2,87.9
05,06,00,32,24.3,87.5
05,07,00,28,24.3,87.3
05,08,00,34,24.3,87.2
05,09,00,20,24.3,87.2
05,10,00,23,24.4,86.8
05,11,00,25,24.4,87.1
05,12,00,26,24.4,87
05,13,00,44,24.4,87.1
05,14,00,31,24.3,87.3
05,15,00,41,24.3,87.3
05,16,00,57,24.3,87
05,17,00,46,24.3,87
05,18,00,23,24.3,87.2
05,19,00,19,24.3,87.1
05,20,00,34,24.4,87
05,21,00,46,24.4,87
05,22,00,22,24.4,86.8
05,23,00,25,24.4,86.7
05,24,00,41,24.3,86.9
05,25,00,24,24.2,87.3
05,26,00,35,24.1,87.5
05,27,00,26,24.1,87.7
05,28,00,39,24.2,87.7
05,29,00,36,24.2,87.6
05,30,00,25,24.2,87.5
05,31,00,48,24.1,87.6
05,32,00,34,24.2,87.5
05,33,00,34,24.2,87.6
05,34,00,32,24.2,87.6
05,35,00,35,24.2,87.5
05,36,00,28,24.2,87.5
05,37,00,22,24.2,87.3
05,38,00,33,24.2,87.2
05,39,00,21,24.1,87.3
05,40,00,30,24.2,87
05,41,00,18,24.2,87.1
05,42,00,23,24.2,87.3
05,43,00,50,24.2,87.1
05,44,00,20,24.1,87.5
05,45,00,50,24.1,87.4
05,46,00,24,24.2,87.1
05,47,00,23,24.1,87.2
05,48,00,39,24.1,87.2
05,49,00,32,24.1,87.1
05,50,00,34,24.1,87.2
05,51,00,22,24.1,87.1
05,52,00,32,24.1,87.2
05,53,00,33,24.1,87.1
05,54,00,32,24,87.2
05,55,00,27,24.1,87.2
05,56,00,33,24.1,87.4
05,57,00,46,24.1,87.1
05,58,00,34,24.1,86.9
05,59,00,24,24.1,86.7
06,00,00,55,24.1,86.6
06,01,00,26,24.2,86.6
06,02,00,21,24.1,86.7
06,03,00,13,24.2,86.5
06,04,00,25,24.2,86.4
06,05,00,41,24.2,86.8
06,06,00,17,24.2,86.6
06,07,00,38,24.2,86.6
06,08,00,38,24.2,87.1
06,09,00,17,24.1,87.4
06,10,00,24,24.3,87.3
06,11,00,24,24.4,87.1
06,12,00,39,24.4,87
06,13,00,33,24.3,87.3
06,14,00,28,24.3,87.6
06,15,00,20,24.2,88
06,16,00,34,24.3,88.1
06,17,00,41,24.4,87.8
06,18,00,17,24.4,87.6
06,19,00,24,24.6,87.3
06,20,00,30,24.6,87.3
06,21,00,38,24.7,87.3
06,22,00,34,24.7,87
06,23,00,27,24.8,86.9
06,24,00,30,24.8,86.6
06,25,00,35,24.9,86.2
06,26,00,24,24.9,85.4
06,27,00,32,24.9,85.8
06,28,00,27,24.9,85.9
06,29,00,31,24.8,85.4
06,30,00,49,24.8,85.8
06,31,00,49,25,85.7
06,32,00,29,25,85.6
06,33,00,32,25.1,85.4
06,34,00,35,25.2,85.2
06,35,00,35,25,84.7
06,36,00,12,25,84.8
06,37,00,19,25.1,85.1
06,38,00,36,25,84.7
06,39,00,47,25.1,84.8
06,40,00,34,25.2,84.3
06,41,00,66,25.3,84.1
06,42,00,36,25.3,84.2
06,43,00,30,25.4,84.1
06,44,00,32,25.4,83.3
06,45,00,29,25.4,83.4
06,46,00,35,25.4,83.4
06,47,00,38,25.5,83.4
06,48,00,30,25.5,83.4
06,49,00,33,25.5,83.8
06,50,00,37,25.4,83.8
06,51,00,50,25.4,83.9
06,52,00,20,25.4,83.4
06,53,00,37,25.5,83.1
06,54,00,37,25.6,82.6
06,55,00,20,25.6,82
06,56,00,35,25.6,82.5
06,57,00,24,25.7,82.3
06,58,00,36,25.7,82.4
06,59,00,21,25.8,82.5
07,00,00,28,25.9,82.3
07,01,00,34,26,81.9
07,02,00,47,26,81.9
07,03,00,33,26.1,81.1
07,04,00,44,26.1,80.6
07,05,00,47,26.1,80.7
07,06,00,24,26.1,80.7
07,07,00,34,26.2,80.3
07,08,00,33,26.2,80.4
07,09,00,31,26.3,80.4
07,10,00,35,26.3,80.3
07,11,00,26,26.4,79.3
07,12,00,43,26.4,79.3
07,13,00,33,26.4,79.4
07,14,00,24,26.4,79.2
07,15,00,22,26.4,77.2
07,16,00,35,26.4,77.7
07,17,00,38,26.4,78
07,18,00,49,26.5,78.1
07,19,00,16,26.5,78.3
07,20,00,24,26.5,77.3
07,21,00,43,26.5,77.1
07,22,00,42,26.4,77.5
07,23,00,26,26.5,77.2
07,24,00,41,26.5,77.9
07,25,00,49,26.6,77.9
07,26,00,28,26.6,78.4
07,27,00,14,26.6,78.2
07,28,00,23,26.6,78.2
07,29,00,43,26.7,78.3
07,30,00,30,26.7,78.1
07,31,00,38,26.7,78.1
07,32,00,32,26.8,78.7
07,33,00,42,26.8,78.4
07,34,00,28,26.9,78.2
07,35,00,35,26.9,78.3
07,36,00,17,27,77.2
07,37,00,37,27,77.4
07,38,00,46,27,77.2
07,39,00,48,27,77.6
07,40,00,47,27,77.9
07,41,00,47,27,78.4
07,42,00,59,27,76.8
07,43,00,34,26.9,76.2
07,44,00,17,27,76.4
07,45,00,27,26.9,75
07,46,00,38,26.9,75.5
07,47,00,31,26.9,75.2
07,48,00,32,26.9,75.6
07,49,00,31,27,75.7
07,50,00,33,27,75.8
07,51,00,46,27.1,76.1
07,52,00,30,27.1,76
07,53,00,42,27.1,76.3
07,54,00,28,27.2,76
07,55,00,37,27.2,75.9
07,56,00,50,27.3,76.3
07,57,00,54,27.3,75.9
07,58,00,43,27.3,76
07,59,00,35,27.2,75.5
08,00,00,42,27.2,76
08,01,00,54,27.3,76.1
08,02,00,47,27.3,76.4
08,03,00,30,27.3,75.6
08,04,00,26,27.3,75.7
08,05,00,64,27.3,75.1
08,06,00,24,27.3,75.5
08,07,00,45,27.4,75.1
08,08,00,41,27.5,75
08,09,00,22,27.5,75.1
08,10,00,37,27.5,74.9
08,11,00,26,27.5,74.6
08,12,00,37,27.4,74.8
08,13,00,38,27.4,74.6
08,14,00,39,27.4,74.4
08,15,00,35,27.4,73.9
08,16,00,38,27.4,74.2
08,17,00,52,27.4,74.1
08,18,00,45,27.4,74.9
08,19,00,29,27.5,74.5
08,20,00,50,27.6,74.6
08,21,00,49,27.5,73.4
08,22,00,27,27.6,73.9
08,23,00,15,27.6,73.7
08,24,00,22,27.5,73.8
08,25,00,36,27.5,74
08,26,00,32,27.6,74.1
08,27,00,25,27.6,74.8
08,28,00,42,27.6,74.7
08,29,00,28,27.6,74.1
08,30,00,52,27.6,74.2
08,31,00,42,27.7,74
08,32,00,40,27.7,73.3
08,33,00,34,27.7,73.3
08,34,00,29,27.7,72.6
08,35,00,30,27.7,72.8
08,36,00,38,27.7,73.1
08,37,00,44,27.7,74.1
08,38,00,29,27.7,73.7
08,39,00,29,27.8,73.4
08,40,00,53,27.8,73.6
08,41,00,27,27.9,73.5
08,42,00,28,27.8,72.6
08,43,00,45,27.8,72.3
08,44,00,38,27.8,73.2
08,45,00,23,27.9,72.6
08,46,00,52,28,72.4
08,47,00,32,28,72.5
08,48,00,28,27.9,73.4
08,49,00,38,28,73.6
08,50,00,43,28,74.2
08,51,00,32,28.1,74.7
08,52,00,44,28.2,74.7
08,53,00,21,28.3,74.8
08,54,00,51,28.3,74.5
08,55,00,27,28.4,73.2
08,56,00,30,28.4,73.2
08,57,00,44,28.5,72.5
08,58,00,34,28.5,73.9
08,59,00,29,28.5,73.2
09,00,00,55,28.5,70.4
09,01,00,39,28.5,70.7
09,02,00,34,28.6,70.1
09,03,00,33,28.5,69.9
09,04,00,50,28.6,69.9
09,05,00,29,28.6,69.8
09,06,00,30,28.6,68.9
09,07,00,40,28.5,68.7
09,08,00,40,28.5,68.9
09,09,00,39,28.5,69.3
09,10,00,43,28.5,69.3
09,11,00,24,28.4,70.1
09,12,00,34,28.3,69.9
09,13,00,20,28.4,70.3
09,14,00,22,28.4,70.1
09,15,00,27,28.4,69.8
09,16,00,35,28.5,69.9
09,17,00,54,28.5,69.9
09,18,00,31,28.5,70
09,19,00,40,28.5,70.1
09,20,00,32,28.6,71.4
09,21,00,42,28.7,69.6
09,22,00,26,28.7,69.4
09,23,00,58,28.7,70.2
09,24,00,36,28.7,70.5
09,25,00,31,28.8,70.3
09,26,00,44,28.6,69.4
09,27,00,37,28.6,69.3
09,28,00,33,28.6,69.7
09,29,00,42,28.7,71.1
09,30,00,50,28.8,71.3
09,31,00,43,28.8,70.9
09,32,00,45,28.9,71.2
09,33,00,35,29,71.5
09,34,00,52,29.1,70.6
09,35,00,25,29.1,70.1
09,36,00,45,29.2,69.4
09,37,00,33,29.2,69.1
09,38,00,54,29.2,69.4
09,39,00,42,29.2,70.2
09,40,00,59,29.3,69.7
09,41,00,28,29.4,68.5
09,42,00,32,29.5,71.4
09,43,00,45,29.5,68.8
09,44,00,35,29.7,69.5
09,45,00,31,29.7,70
09,46,00,35,29.7,67.8
09,47,00,41,29.7,67
09,48,00,55,29.7,67.6
09,49,00,48,29.7,67.6
09,50,00,27,29.8,68
09,51,00,43,29.9,67.8
09,52,00,49,29.8,65.5
09,53,00,51,29.8,66.7
09,54,00,24,29.8,66.6
09,55,00,35,30,67.9
09,56,00,64,30.1,66.7
09,57,00,35,30.2,66.2
09,58,00,49,30.2,66.3
09,59,00,49,30.2,64.4
10,00,00,34,30.1,64.5
10,01,00,35,30.1,64.3
10,02,00,43,30.1,66.8
10,03,00,47,30.1,65.6
10,04,00,53,30,66
10,05,00,43,30,65
10,06,00,34,30,65.2
10,07,00,34,30,65.4
10,08,00,26,30,65.6
10,09,00,29,30,66.3
10,10,00,28,30.1,66.5
10,11,00,38,30.2,67.1
10,12,00,26,30.3,67.4
10,13,00,22,30.4,67.5
10,14,00,43,30.4,68.2
10,15,00,25,30.5,70
10,16,00,27,30.5,69.4
10,17,00,46,30.6,70.2
10,18,00,53,30.6,68.4
10,19,00,37,30.6,69.2
10,20,00,26,30.7,68
10,21,00,62,30.7,68.6
10,22,00,29,30.7,69.1
10,23,00,36,30.8,68.5
10,24,00,39,30.8,66.7
10,25,00,44,30.9,65.8
10,26,00,38,30.8,66.5
10,27,00,28,30.6,67.1
10,28,00,22,30.7,66.9
10,29,00,42,30.7,66.5
10,30,00,33,30.7,67.1
10,31,00,39,30.7,68.6
10,32,00,46,30.6,68.1
10,33,00,50,30.6,68
10,34,00,49,30.6,68.1
10,35,00,29,30.6,68.1
10,36,00,32,30.6,68.2
10,37,00,16,30.6,69.1
10,38,00,33,30.6,68.8
10,39,00,30,30.6,69.6
10,40,00,48,30.6,69.4
10,41,00,32,30.6,69
10,42,00,27,30.6,68.6
10,43,00,27,30.7,67.2
10,44,00,36,30.6,65.7
10,45,00,51,30.5,66.3
10,46,00,45,30.6,67.1
10,47,00,43,30.4,65.8
10,48,00,25,30.4,66.7
10,49,00,42,30.5,66.8
10,50,00,19,30.5,68.5
10,51,00,59,30.6,67.9
10,52,00,38,30.6,66.7
10,53,00,35,30.6,67.1
10,54,00,29,30.7,67.8
10,55,00,27,30.7,68
10,56,00,27,30.7,68.7
10,57,00,42,30.7,68.6
10,58,00,32,30.7,69.8
10,59,00,41,30.7,68.8
11,00,00,20,30.8,68.3
11,01,00,63,30.9,68.7
11,02,00,32,30.9,69.5
11,03,00,36,30.9,68.3
11,04,00,41,30.9,68.6
11,05,00,44,30.9,68.2
11,06,00,40,31,67.5
11,07,00,36,31,65.9
11,08,00,54,31,66.1
11,09,00,42,30.9,66.6
11,10,00,48,30.8,66.2
11,11,00,49,30.8,67.7
11,12,00,54,30.7,66.5
11,13,00,45,30.7,66.2
11,14,00,41,30.7,65.1
11,15,00,43,30.7,67.5
11,16,00,48,30.8,69.1
11,17,00,33,30.8,68.6
11,18,00,32,30.8,68.1
11,19,00,30,30.9,68.3
11,20,00,40,30.9,68.6
11,21,00,22,31,68.6
11,22,00,40,30.9,68.9
11,23,00,42,30.9,68.5
11,24,00,30,31.1,68.1
11,25,00,40,31.2,69.1
11,26,00,53,31.3,69.6
11,27,00,33,31.4,67.5
11,28,00,58,31.3,65.8
11,29,00,40,31.3,66.8
11,30,00,38,31.3,67.5
11,31,00,27,31.3,64
11,32,00,43,31.2,65.1
11,33,00,38,31.2,64
11,34,00,45,31.1,64.6
11,35,00,19,31.1,65.6
11,36,00,25,31.2,66.1
11,37,00,42,31.3,66.8
11,38,00,37,31.4,65.4
11,39,00,28,31.3,65.4
11,40,00,47,31.4,67.7
11,41,00,41,31.4,65.8
11,42,00,40,31.4,65.4
11,43,00,44,31.6,66.2
11,44,00,24,31.7,64.2
11,46,00,30,31.4,65.2
11,47,00,19,31.5,66.1
11,48,00,31,31.6,69
11,49,00,8,31.7,67.7
11,50,00,26,31.7,64.9
11,51,00,37,31.7,65.5
11,52,00,47,31.6,63
11,53,00,35,31.4,64.8
11,54,00,41,31.4,65.6
11,55,00,35,31.2,65.9
11,56,00,27,31.3,66.2
11,57,00,45,31.2,66.1
11,58,00,45,31.1,66
11,59,00,32,31.1,66.3
12,00,00,42,30.9,66.3
12,01,00,20,30.8,66.8
12,02,00,18,30.8,66.7
12,03,00,22,30.9,66.8
12,04,00,26,30.8,66.9
12,05,00,19,30.8,66.5
12,06,00,25,30.8,67.4
12,07,00,36,30.8,67.3
12,08,00,16,30.6,67.1
12,09,00,53,30.7,67.6
12,10,00,57,30.6,67.6
12,11,00,38,30.6,68.1
12,12,00,39,30.4,68.2
12,13,00,16,30.4,68.6
12,14,00,25,30.5,68.8
12,15,00,50,30.5,69.1
12,16,00,19,30.4,69
12,17,00,31,30.4,69.5
12,18,00,14,30.2,69.9
12,19,00,48,30.2,71.7
12,20,00,25,30.2,72.3
12,22,00,22,30,73.1
12,23,00,31,30,74.3
12,24,00,30,29.9,73.3
12,25,00,28,29.9,74.2
12,26,00,30,29.9,74.6
12,27,00,22,30,73.7
12,28,00,32,29.9,73.3
12,29,00,54,29.9,74.4
12,30,00,31,29.9,74.7
12,31,00,45,29.9,75.6
12,32,00,28,29.7,75.6
12,33,00,25,29.5,76.8
12,34,00,18,29.5,77.3
12,35,00,36,29.4,77.6
12,36,00,26,29.3,77.6
12,37,00,26,29.5,77.4
12,38,00,41,29.5,75.5
12,39,00,41,29.5,74.6
12,40,00,49,29.5,74.7
12,41,00,27,29.5,74.3
12,42,00,23,29.5,74.9
12,43,00,32,29.5,75.5
12,44,00,29,29.5,75.9
12,45,00,43,29.5,76.3
12,46,00,30,29.6,76.1
12,47,00,34,29.7,78
12,48,00,40,29.6,73.5
12,49,00,24,29.5,74.2
12,50,00,29,29.5,75.1
12,51,00,39,29.6,75
12,52,00,31,29.7,74.7
12,53,00,31,29.7,74.5
12,54,00,53,29.8,73.6
12,55,00,42,29.7,73.2
12,56,00,46,29.7,72.8
12,57,00,42,29.8,73.6
12,58,00,29,29.8,73.5
12,59,00,35,29.9,73.1
13,00,00,42,29.7,72.5
13,01,00,33,29.6,72.7
13,02,00,28,29.5,72.3
13,03,00,42,29.6,72.9
13,04,00,29,29.7,73.1
13,05,00,33,29.8,73.1
13,06,00,34,29.7,71
13,07,00,23,29.6,71.6
13,08,00,22,29.7,72.8
13,09,00,40,29.8,72.5
13,10,00,26,29.8,72.1
13,11,00,27,29.8,72
13,12,00,52,29.7,71.6
13,13,00,37,29.7,70.9
13,14,00,23,29.6,71.5
13,15,00,41,29.7,71.9
13,16,00,36,29.6,71.4
13,17,00,39,29.6,71.7
13,18,00,28,29.5,72.3
13,19,00,26,29.5,71.9
13,20,00,34,29.4,72.9
13,21,00,30,29.4,72.8
13,22,00,26,29.3,73
13,23,00,26,29.3,73.2
13,24,00,32,29.4,73.3
13,25,00,26,29.5,73.9
13,26,00,34,29.5,73.7
13,27,00,24,29.5,74
13,28,00,24,29.5,73.9
13,29,00,32,29.4,73.8
13,30,00,26,29.5,73.9
13,31,00,28,29.4,74.3
13,32,00,36,29.3,74.6
13,33,00,43,29.4,74.7
13,34,00,20,29.3,74.2
13,35,00,40,29.2,75.5
13,36,00,38,29.2,74.2
13,37,00,27,29.2,74
13,38,00,25,29.2,74.6
13,39,00,28,29.2,75.2
13,40,00,35,29.2,74.6
13,41,00,35,29.1,73.9
13,42,00,36,29,73.6
13,43,00,28,29,73.6
13,44,00,18,29,73.4
13,46,00,26,28.9,73.6
13,47,00,33,29,73.3
13,48,00,18,28.8,74
13,49,00,15,28.8,73.9
13,50,00,32,28.9,74.2
13,51,00,41,28.8,73.8
13,52,00,38,28.7,74.2
13,53,00,35,28.8,74
13,54,00,42,28.8,74.5
13,55,00,27,28.8,74.6
13,56,00,34,28.8,74.1
13,57,00,25,28.8,74.3
13,58,00,39,28.9,74.8
13,59,00,30,28.8,74.7
14,00,00,55,28.7,74.8
14,01,00,34,28.7,74.7
14,02,00,27,28.8,74.4
14,03,00,22,28.8,74.7
14,04,00,21,28.8,74
14,05,00,23,28.8,73.8
14,06,00,30,28.8,74.3
14,07,00,39,28.8,74.3
14,08,00,34,28.8,73.8
14,09,00,24,28.8,74.2
14,10,00,30,28.6,74.4
14,11,00,21,28.6,74.2
14,12,00,20,28.6,74.7
14,13,00,35,28.7,74.4
14,14,00,39,28.7,74.4
14,15,00,14,28.8,74.5
14,16,00,16,28.9,74.5
14,17,00,31,28.9,75.6
14,18,00,29,28.8,74.2
14,19,00,33,28.6,74.7
14,20,00,35,28.6,74.9
14,21,00,42,28.6,75
14,22,00,18,28.7,75.1
14,23,00,35,28.7,74.9
14,24,00,24,28.6,75.5
14,25,00,44,28.7,75.6
14,26,00,23,28.8,75.1
14,27,00,28,28.8,76
14,28,00,33,28.8,74.7
14,29,00,43,28.8,74.6
14,30,00,36,28.8,74.1
14,31,00,31,28.7,74.7
14,32,00,22,28.7,74.6
14,33,00,37,28.7,74.8
14,34,00,25,28.6,74.9
14,35,00,41,28.7,75.1
14,36,00,18,28.7,74.7
14,37,00,44,28.7,74.6
14,38,00,27,28.7,74.7
14,39,00,34,28.7,74.2
14,40,00,25,28.8,74.7
14,41,00,23,28.8,74.8
14,42,00,28,28.9,74.7
14,43,00,34,28.9,74.6
14,44,00,29,29,74.3
14,45,00,42,29,74.1
14,46,00,22,29,74
14,47,00,27,29,74.1
14,48,00,35,28.9,73.9
14,49,00,39,28.8,74.4
14,50,00,27,28.7,74.4
14,51,00,13,28.7,74.7
14,52,00,42,28.7,74.8
14,53,00,25,28.7,74.5
14,54,00,21,28.7,74.2
14,55,00,19,28.7,74.6
14,56,00,26,28.7,75.3
14,57,00,28,28.7,76
14,58,00,29,28.7,75.2
14,59,00,25,28.7,74.8
15,00,00,19,28.7,75.1
15,01,00,24,28.7,75.3
15,02,00,19,28.7,74.6
15,03,00,42,28.7,74.5
15,04,00,23,28.7,74.8
15,05,00,20,28.8,75.2
15,06,00,29,28.7,74.8
15,07,00,44,28.6,74.7
15,08,00,30,28.7,74.8
15,09,00,29,28.7,74.7
15,10,00,32,28.7,74.9
15,11,00,29,28.6,75.3
15,12,00,44,28.6,75.2
15,13,00,24,28.5,74.9
15,14,00,44,28.5,74.8
15,15,00,25,28.5,75.4
15,16,00,29,28.5,74.8
15,17,00,33,28.4,75
15,18,00,18,28.4,75.3
15,19,00,27,28.5,75.2
15,20,00,23,28.5,75.9
15,21,00,35,28.5,75.9
15,22,00,35,28.4,75.3
15,23,00,25,28.4,75.3
15,24,00,19,28.3,75.2
15,25,00,48,28.3,75
15,26,00,30,28.3,75.3
15,27,00,20,28.4,75.7
15,28,00,25,28.4,75.5
15,29,00,28,28.5,75.2
15,30,00,29,28.4,75.5
15,31,00,17,28.4,75.3
15,32,00,32,28.4,75.2
15,33,00,23,28.3,75.1
15,34,00,39,28.3,75
15,35,00,33,28.3,76.6
15,36,00,23,28.3,76.4
15,37,00,18,28.3,77.1
15,38,00,28,28.2,75.5
15,39,00,40,28.2,76
15,40,00,28,28.2,77.1
15,41,00,27,28.1,77.4
15,42,00,29,28.1,77.3
15,43,00,44,28.2,76.9
15,44,00,40,28.2,76.4
15,45,00,33,28.2,76.3
15,46,00,19,28.3,76.4
15,47,00,28,28.2,76.5
15,48,00,29,28.2,77.7
15,49,00,33,28.2,78
15,50,00,21,28.2,76.5
15,51,00,12,28.2,76.5
15,52,00,33,28.2,76.7
15,53,00,41,28.2,76.6
15,54,00,14,28,77.6
15,55,00,21,28.1,77.7
15,56,00,18,28.1,79.1
15,57,00,19,27.9,80.2
15,58,00,27,27.9,80.5
15,59,00,33,27.9,80.2
16,00,00,41,27.8,80.1
16,01,00,34,27.8,80.1
16,02,00,15,27.8,81
16,03,00,41,27.7,81.6
16,04,00,26,27.7,81.4
16,05,00,34,27.7,81.8
16,06,00,28,27.6,82.9
16,07,00,26,27.5,84
16,08,00,32,27.5,83.9
16,09,00,37,27.5,84.3
16,10,00,47,27.4,83.3
16,11,00,32,27.5,83.6
16,12,00,31,27.5,84
16,13,00,28,27.4,83.8
16,14,00,20,27.3,84.2
16,15,00,34,27.2,83.6
16,16,00,23,27.2,84.4
16,17,00,25,27.2,83.6
16,18,00,20,27.3,83.3
16,19,00,26,27.2,82.7
16,20,00,25,27.3,82.6
16,21,00,41,27.2,83.3
16,22,00,36,27.1,82.5
16,23,00,43,27.1,82.5
16,24,00,36,27.1,81.2
16,25,00,19,27.2,80.8
16,26,00,37,27.2,81.3
16,27,00,31,27.2,82
16,28,00,13,27.2,81.7
16,29,00,29,27.1,82
16,30,00,45,27.1,82
16,31,00,21,27,82.6
16,32,00,13,26.7,84.4
16,33,00,22,26.7,84.5
16,34,00,27,26.4,86
16,35,00,27,26.1,87.7
16,36,00,27,26.1,87.9
16,37,00,33,25.9,88.6
16,38,00,29,25.8,89.2
16,39,00,21,25.8,89.1
16,40,00,33,25.9,88.2
16,41,00,31,26,88.2
16,42,00,46,26,87.8
16,43,00,39,26.1,87.5
16,44,00,48,26.1,88.1
16,45,00,29,26,88.3
16,46,00,43,26.1,87.3
16,47,00,39,26.3,87.1
16,48,00,50,26.2,87.4
16,49,00,20,26.1,88
16,50,00,18,26.2,87.6
16,51,00,27,26.1,85.8
16,52,00,31,26.1,86.1
16,53,00,32,26.2,87.3
16,54,00,34,26.2,87
16,55,00,34,26.3,86.4
16,56,00,25,26.3,86.8
16,57,00,42,26.1,87.1
16,58,00,26,26,88
16,59,00,37,26.1,88.1
17,00,00,38,26.1,88.6
17,01,00,36,26.1,88.3
17,02,00,9,26.1,88.3
17,03,00,35,26,88.7
17,04,00,42,26.1,88.4
17,05,00,23,26.1,88
17,06,00,34,26.2,87.9
17,07,00,17,26.1,88
17,08,00,30,26,88.2
17,09,00,38,25.9,88.7
17,10,00,52,25.9,88.4
17,11,00,19,25.9,88.4
17,12,00,38,25.9,88.1
17,13,00,52,25.8,88.4
17,14,00,23,25.8,88.7
17,15,00,22,25.8,88.1
17,16,00,20,25.8,87.9
17,17,00,24,25.8,88
17,18,00,38,25.9,88
17,19,00,24,26,87.6
17,20,00,35,26,88
17,21,00,28,26.1,88.4
17,22,00,25,26.2,87.9
17,23,00,33,26.2,87.5
17,24,00,18,26.3,88
17,25,00,41,26.3,87.7
17,26,00,42,26.3,87.8
17,27,00,10,26.3,87.6
17,28,00,32,26.2,87.4
17,29,00,28,26.2,88.1
17,30,00,18,26.2,87.9
17,31,00,40,26.2,88.3
17,33,00,16,26.2,88
17,34,00,26,26.3,88
17,35,00,27,26.3,87.3
17,36,00,47,26.3,87.6
17,37,00,29,26.3,87.7
17,38,00,43,26.3,87.6
17,39,00,24,26.3,88.1
17,40,00,42,26.3,88.2
17,41,00,28,26.2,88.7
17,42,00,36,26.2,88.6
17,43,00,24,26.1,88.7
17,44,00,37,26.1,88.1
17,45,00,38,26.2,88.9
17,46,00,25,26.1,88.9
17,47,00,28,26.1,88.6
17,48,00,27,26.1,88.5
17,49,00,26,26.1,88.2
17,50,00,26,26.1,88.8
17,51,00,42,26.1,88.6
17,52,00,35,26.1,88.6
17,53,00,32,26.2,88.6
17,54,00,25,26.3,88.4
17,55,00,25,26.3,88.3
17,56,00,32,26.3,88.3
17,57,00,23,26.3,88.3
17,58,00,16,26.4,88.3
17,59,00,32,26.3,88.7
18,00,00,12,26.2,88.9
18,01,00,35,26.2,89
18,02,00,30,26.1,89.5
18,03,00,32,26.2,89.4
18,04,00,27,26.2,89.5
18,05,00,33,26.2,89.3
18,06,00,36,26.1,90.3
18,07,00,21,26.1,89.8
18,08,00,35,26.2,89.7
18,09,00,32,26.2,89.4
18,10,00,37,26.2,89.4
18,11,00,34,26.3,89.6
18,12,00,47,26.2,88.8
18,13,00,29,26.2,89
18,14,00,23,26.2,89.3
18,15,00,28,26.1,90
18,16,00,22,26.1,89.8
18,17,00,29,26.1,89.9
18,18,00,29,26.1,89.9
18,19,00,28,26.1,89.8
18,20,00,32,26.1,89.6
18,21,00,17,26.2,88.9
18,22,00,30,26.2,88.7
18,23,00,47,26.2,88.2
18,24,00,48,26.1,88.5
18,25,00,29,26.2,88.5
18,26,00,32,26.2,87.8
18,27,00,40,26.2,87.7
18,28,00,40,26.2,87.9
18,29,00,30,26.3,88.3
18,30,00,44,26.1,89
18,31,00,14,26.1,88.8
18,32,00,39,26.1,88.9
18,33,00,24,26.1,89.1
18,34,00,47,26.1,89.3
18,35,00,45,26.2,89.3
18,36,00,34,26.2,88.8
18,37,00,19,26.1,88.7
18,38,00,10,26.1,89.2
18,39,00,19,26.2,89
18,40,00,24,26.2,89
18,41,00,25,26.2,89.1
18,42,00,44,26.2,89.2
18,43,00,39,26.2,89.5
18,44,00,26,26.2,89.5
18,45,00,30,26.2,89.2
18,46,00,24,26.2,88.8
18,47,00,50,26.2,88.8
18,48,00,39,26.2,88.5
18,49,00,26,26.2,88.8
18,50,00,30,26.2,88.9
18,51,00,21,26.1,89
18,52,00,49,26.2,89.2
18,53,00,24,26.2,88.6
18,54,00,30,26.1,88.3
18,55,00,36,26.2,88.6
18,56,00,32,26.2,88.9
18,57,00,20,26.2,88.8
18,58,00,32,26.2,88.1
18,59,00,22,26.2,87.7
19,00,00,30,26.1,87.8
19,01,00,29,26.1,87.7
19,02,00,36,26.1,87.9
19,03,00,46,26.2,87.9
19,04,00,43,26.1,88.1
19,05,00,34,26.1,88.7
19,06,00,44,26.1,88.7
19,07,00,20,26.1,88.7
19,08,00,48,26.1,88.5
19,09,00,21,26.1,88.4
19,10,00,21,26,88.7
19,11,00,21,26,88.9
19,12,00,28,26,88.4
19,13,00,34,26,88.8
19,14,00,41,26,89
19,15,00,25,26,88.5
19,17,00,21,26,88.5
19,18,00,20,26.1,88.6
19,19,00,28,26.1,88.9
19,20,00,41,26.1,88.7
19,21,00,40,26,88.7
19,22,00,40,26,88.8
19,23,00,26,26,89.5
19,24,00,26,25.9,89.8
19,25,00,29,25.8,89.7
19,26,00,36,25.8,90.1
19,27,00,34,25.7,89.7
19,28,00,23,25.8,89.9
19,29,00,49,25.8,89.6
19,30,00,33,25.9,89.3
19,31,00,33,25.9,89.6
19,32,00,18,25.8,90.2
19,33,00,41,25.7,90.4
19,34,00,22,25.8,90.3
19,35,00,25,25.8,90.6
19,36,00,31,25.7,90.3
19,37,00,27,25.7,90.1
19,38,00,22,25.8,90.2
19,39,00,23,25.8,89.8
19,40,00,37,25.9,89.7
19,41,00,39,25.9,89.4
19,42,00,41,25.9,89.7
19,43,00,37,25.9,89.3
19,44,00,50,26,89
19,45,00,46,26,88.8
19,46,00,28,26,89.3
19,47,00,21,26,89.3
19,48,00,27,26.1,88.9
19,49,00,36,26.1,89
19,50,00,23,26.1,89
19,51,00,27,26,88.6
19,52,00,22,26,88.7
19,53,00,23,25.9,89.3
19,54,00,40,25.8,89.6
19,55,00,38,25.9,89.8
19,56,00,25,25.9,89.6
19,57,00,25,25.9,89.2
19,58,00,32,25.8,89.3
19,59,00,39,25.8,89.5
20,00,00,37,25.8,89.5
20,01,00,41,25.9,89.1
20,02,00,34,25.9,88.5
20,03,00,34,25.9,88.6
20,04,00,26,25.9,88.8
20,05,00,36,25.8,88.8
20,06,00,28,25.8,88.4
20,07,00,48,25.9,88.4
20,08,00,39,25.8,89
20,09,00,40,25.9,88.6
20,10,00,33,25.8,88.4
20,11,00,20,25.8,88.9
20,12,00,16,25.9,88.9
20,13,00,40,25.9,88.4
20,14,00,30,25.9,88.6
20,15,00,27,25.8,88.5
20,16,00,23,25.8,89.2
20,17,00,27,25.9,88.9
20,18,00,49,25.9,88.8
20,19,00,16,25.9,88.6
20,20,00,29,25.9,88
20,21,00,15,25.9,88.3
20,22,00,21,25.9,88.3
20,23,00,25,25.9,88.5
20,24,00,28,25.9,88.4
20,25,00,26,25.8,88.2
20,26,00,23,25.8,88.3
20,27,00,45,25.8,88.6
20,28,00,30,25.8,88.4
20,29,00,52,25.8,88.5
20,30,00,18,25.8,88.1
20,31,00,17,25.7,88.4
20,32,00,30,25.7,88.6
20,33,00,36,25.7,88.6
20,34,00,33,25.8,88.8
20,35,00,39,25.8,89
20,36,00,13,25.8,88.8
20,37,00,27,25.8,89.1
20,38,00,52,25.8,89.3
20,39,00,49,25.6,90.1
20,40,00,29,25.6,90
20,41,00,43,25.7,89.7
20,42,00,30,25.7,89.6
20,43,00,35,25.8,89.2
20,44,00,19,25.7,89.1
20,45,00,25,25.8,88.9
20,46,00,44,25.8,88.9
20,47,00,31,25.8,89
20,48,00,25,25.8,88.9
20,49,00,33,25.8,89.1
20,50,00,27,25.7,89.1
20,51,00,20,25.7,89.3
20,52,00,34,25.8,89
20,53,00,31,25.7,89.2
20,54,00,28,25.7,89.3
20,55,00,36,25.8,89.1
20,56,00,43,25.8,88.6
20,57,00,31,25.8,88.6
20,58,00,27,25.8,88.7
20,59,00,24,25.8,88.9
21,00,00,21,25.8,89.3
21,01,00,35,25.7,89.5
21,02,00,23,25.8,89.4
21,03,00,37,25.7,89.4
21,04,00,32,25.8,89.3
21,05,00,17,25.8,89.2
21,06,00,42,25.8,89.2
21,07,00,22,25.8,89
21,08,00,29,25.7,89.3
21,09,00,31,25.7,89.4
21,10,00,37,25.7,89.3
21,11,00,36,25.7,89.3
21,12,00,26,25.7,89.2
21,13,00,28,25.8,88.9
21,14,00,25,25.8,88.7
21,15,00,29,25.7,88.3
21,16,00,26,25.7,88.6
21,17,00,29,25.7,88.2
21,18,00,24,25.7,88.1
21,19,00,20,25.7,88.2
21,20,00,23,25.8,88
21,22,00,22,25.7,88.3
21,23,00,23,25.7,88.1
21,24,00,27,25.7,87.8
21,25,00,25,25.7,87.8
21,26,00,33,25.7,87.6
21,27,00,20,25.7,87.9
21,28,00,16,25.7,87.7
21,29,00,29,25.7,88
21,30,00,21,25.7,88.3
21,31,00,39,25.6,87.7
21,32,00,33,25.6,87.9
21,33,00,20,25.7,88.3
21,34,00,30,25.7,87.9
21,35,00,16,25.7,88.3
21,36,00,30,25.7,88.2
21,37,00,24,25.7,88.5
21,38,00,31,25.7,88.6
21,39,00,61,25.7,88.5
21,40,00,25,25.7,88.9
21,41,00,27,25.6,88.9
21,42,00,26,25.6,89.3
21,43,00,20,25.6,88.7
21,44,00,35,25.7,88.6
21,45,00,17,25.7,88.6
21,46,00,27,25.7,88.2
21,47,00,30,25.7,88.3
21,48,00,31,25.7,88
21,49,00,32,25.7,87.7
21,50,00,30,25.7,88.3
21,51,00,29,25.7,88.3
21,52,00,37,25.6,88.1
21,53,00,30,25.6,87.8
21,54,00,18,25.5,88
21,55,00,31,25.5,88.3
21,56,00,30,25.5,88.8
21,58,00,15,25.5,89.1
21,59,00,25,25.6,88.7
22,00,00,25,25.6,88.8
22,01,00,26,25.5,88.7
22,02,00,33,25.5,88.5
22,03,00,40,25.5,88.6
22,04,00,45,25.6,88.7
22,05,00,37,25.6,89
22,06,00,23,25.6,89.1
22,07,00,32,25.6,88.9
22,08,00,27,25.6,89
22,09,00,37,25.6,88.9
22,10,00,11,25.6,88.8
22,11,00,28,25.5,89.2
22,12,00,37,25.6,89.1
22,13,00,26,25.6,88.9
22,14,00,31,25.5,89.3
22,15,00,35,25.5,89
22,16,00,36,25.5,88.7
22,17,00,30,25.5,88.7
22,18,00,42,25.5,89.1
22,19,00,26,25.5,88.2
22,20,00,24,25.5,88.2
22,21,00,26,25.5,88.6
22,22,00,9,25.5,88.5
22,23,00,37,25.4,88.7
22,24,00,26,25.5,88.6
22,25,00,15,25.6,88.5
22,26,00,36,25.5,88.6
22,27,00,24,25.5,88.6
22,28,00,39,25.5,88.7
22,29,00,30,25.4,89.3
22,30,00,32,25.4,89.7
22,31,00,29,25.4,89.5
22,32,00,32,25.4,89.4
22,33,00,39,25.3,89.5
22,34,00,43,25.2,89.5
22,35,00,25,25.2,89.8
22,36,00,20,25.2,89.7
22,37,00,28,25.2,89.6
22,38,00,29,25.1,89.9
22,39,00,22,25.1,90
22,40,00,40,25.2,89.8
22,41,00,43,25.1,90
22,42,00,52,25,90.3
22,43,00,21,25,90.7
22,44,00,35,24.9,90.8
22,45,00,34,24.9,91
22,46,00,22,24.9,91.1
22,47,00,23,24.9,91.2
22,48,00,23,24.8,91.1
22,49,00,28,24.9,90.8
22,50,00,35,24.8,91.1
22,51,00,32,24.8,91.3
22,52,00,41,24.8,91.2
22,53,00,33,24.9,90.8
22,54,00,28,24.9,90.9
22,55,00,27,24.9,90.9
22,56,00,40,25,90.6
22,57,00,34,25,90.5
22,58,00,47,25,90.4
22,59,00,34,24.9,90.5
23,00,00,39,24.9,90.5
23,01,00,15,24.9,91.1
23,02,00,45,24.9,91
23,03,00,30,25,90.7
23,04,00,42,25,90.6
23,05,00,19,25.1,90.4
23,06,00,48,25.1,90.2
23,07,00,43,25.1,90.2
23,08,00,20,25,90.4
23,09,00,33,24.9,90.7
23,10,00,29,24.8,90.9
23,11,00,21,24.8,91.2
23,12,00,25,24.8,91.3
23,13,00,40,24.8,91.1
23,14,00,18,24.9,90.9
23,15,00,29,24.9,91
23,16,00,27,24.9,90.8
23,17,00,32,24.8,91.1
23,18,00,34,24.8,90.9
23,19,00,43,24.8,90.9
23,20,00,16,24.8,90.9
23,21,00,33,24.9,90.7
23,22,00,37,24.9,90.7
23,23,00,56,25,90.4
23,24,00,32,25.1,90.3
23,25,00,32,25.1,90.1
23,26,00,40,25,90.2
23,27,00,32,25,90.3
23,28,00,26,25,90.3
23,29,00,32,25,90.3
23,30,00,38,25.1,90
23,31,00,29,25.1,89.8
23,32,00,41,25.1,89.4
23,33,00,37,25,89.9
23,34,00,40,25.1,89.9
23,35,00,40,25.1,89.6
23,36,00,30,25.1,89.6
23,37,00,47,25.1,89.6
23,38,00,37,25.1,89.5
23,39,00,40,25.1,89.3
23,40,00,25,25.1,89.3
23,41,00,52,25.1,89.5
23,42,00,44,25.1,89.7
23,43,00,34,25,90.1
23,44,00,29,24.9,90.4
23,45,00,9,24.9,90.5
23,46,00,39,24.8,90.8
23,47,00,29,24.8,90.8
23,48,00,29,24.7,91.3
23,49,00,25,24.7,91.1
23,50,00,49,24.7,91.1
23,51,00,48,24.7,91
23,52,00,47,24.7,90.9
23,53,00,45,24.7,90.9
23,54,00,29,24.7,91.1
23,55,00,23,24.7,90.9
23,56,00,38,24.7,90.9
23,57,00,19,24.7,90.9
23,58,00,36,24.7,90.7
23,59,00,26,24.8,90.6
