00,00,00,40,24.8,90.8
00,01,00,33,24.9,90.8
00,02,00,34,24.9,90.4
00,03,00,17,24.8,90.7
00,04,00,36,24.8,90.8
00,05,00,24,24.8,90.8
00,06,00,24,24.8,90.9
00,07,00,34,24.8,90.9
00,08,00,35,24.7,90.8
00,09,00,26,24.7,90.8
00,10,00,26,24.6,90.9
00,11,00,27,24.6,91.1
00,12,00,34,24.6,91.2
00,13,00,36,24.6,91.4
00,14,00,35,24.6,91.3
00,15,00,51,24.6,91.2
00,16,00,15,24.6,91.2
00,17,00,34,24.6,91
00,18,00,23,24.7,91
00,19,00,37,24.7,90.8
00,20,00,31,24.8,90.5
00,21,00,34,24.8,90.4
00,22,00,28,24.8,90.6
00,23,00,30,24.8,90.7
00,24,00,28,24.8,90.7
00,25,00,30,24.8,90.6
00,26,00,27,24.8,90.9
00,27,00,39,24.7,90.9
00,28,00,26,24.7,90.9
00,29,00,40,24.7,90.7
00,30,00,38,24.7,90.8
00,31,00,24,24.7,91.1
00,32,00,20,24.7,91.1
00,33,00,44,24.7,90.9
00,34,00,33,24.7,90.9
00,35,00,35,24.7,90.9
00,36,00,26,24.8,90.7
00,37,00,39,24.8,90.4
00,38,00,29,24.8,90.3
00,39,00,27,24.8,90
00,40,00,28,24.8,89.9
00,41,00,30,24.9,90.1
00,42,00,45,24.9,89.7
00,43,00,37,24.9,89.7
00,44,00,43,25,89.4
00,45,00,40,25,89.4
00,46,00,42,25,89.3
00,47,00,21,25,89.4
00,48,00,21,25,89.7
00,49,00,35,25,89.7
00,50,00,24,24.9,89.7
00,51,00,37,24.8,90.1
00,52,00,19,24.8,90.4
00,53,00,19,24.8,90.4
00,54,00,24,24.8,90.2
00,55,00,21,24.8,90.2
00,56,00,30,24.8,90.4
00,57,00,36,24.8,90.8
00,58,00,23,24.8,90.8
00,59,00,34,24.9,90.6
01,00,00,30,24.9,90.2
01,01,00,45,24.9,90
01,02,00,26,25,90
01,03,00,28,25,89.9
01,04,00,16,25,90
01,05,00,28,25,90.3
01,06,00,23,24.9,90.5
01,07,00,23,24.9,90.6
01,08,00,40,24.9,90.5
01,09,00,36,25,90.4
01,10,00,37,25,90.4
01,11,00,15,25,90.2
01,12,00,35,25,90
01,13,00,42,25,90.2
01,14,00,24,25,89.9
01,15,00,35,25,89.6
01,16,00,33,24.9,89.6
01,17,00,34,24.9,89.6
01,18,00,18,24.9,89.5
01,19,00,37,24.9,89.7
01,20,00,20,24.9,89.8
01,21,00,51,24.9,89.8
01,22,00,33,24.9,89.8
01,23,00,22,24.9,89.9
01,24,00,36,24.9,89.9
01,25,00,30,24.9,89.9
01,26,00,34,24.9,89.7
01,27,00,33,24.8,89.8
01,28,00,50,24.8,89.9
01,29,00,43,24.8,90.1
01,30,00,26,24.8,90.3
01,31,00,35,24.8,90
01,32,00,22,24.8,90.2
01,33,00,42,24.8,90.2
01,34,00,14,24.8,89.9
01,35,00,25,24.8,90.1
01,36,00,29,24.8,90
01,37,00,44,24.8,89.9
01,38,00,33,24.7,89.6
01,39,00,29,24.6,89.8
01,40,00,31,24.5,90.1
01,41,00,28,24.5,90.4
01,42,00,30,24.5,90.4
01,43,00,31,24.5,90.4
01,44,00,19,24.6,90.4
01,45,00,32,24.5,90.5
01,46,00,32,24.5,90.5
01,47,00,40,24.5,90.5
01,48,00,36,24.5,90.4
01,49,00,33,24.5,90.5
01,50,00,55,24.5,90.5
01,51,00,30,24.5,90.6
01,52,00,33,24.5,90.7
01,53,00,35,24.5,90.8
01,54,00,40,24.5,90.7
01,55,00,18,24.6,90.6
01,56,00,35,24.6,90.3
01,57,00,33,24.7,90.3
01,58,00,33,24.7,90.5
01,59,00,23,24.7,90.2
02,00,00,29,24.7,90.2
02,01,00,38,24.8,90.3
02,02,00,19,24.7,90.3
02,03,00,26,24.8,90.1
02,04,00,32,24.7,90.3
02,05,00,20,24.7,90.1
02,06,00,49,24.7,90
02,07,00,47,24.7,90
02,08,00,28,24.7,90.3
02,09,00,31,24.7,90.1
02,10,00,38,24.8,90.1
02,12,00,18,24.7,90.7
02,13,00,35,24.7,90.3
02,14,00,40,24.7,90.6
02,15,00,29,24.7,90.5
02,16,00,16,24.5,90.8
02,17,00,21,24.6,91
02,18,00,30,24.7,90.7
02,19,00,31,24.7,90.7
02,20,00,50,24.7,90.7
02,21,00,32,24.7,90.7
02,22,00,27,24.7,90.6
02,23,00,21,24.7,90.6
02,24,00,31,24.7,90.5
02,25,00,19,24.7,90.6
02,26,00,38,24.7,90.5
02,27,00,30,24.7,90.6
02,28,00,25,24.8,90.4
02,29,00,41,24.8,90.5
02,30,00,43,24.8,90.3
02,31,00,38,24.8,90.4
02,32,00,28,24.8,90.4
02,33,00,33,24.8,90.4
02,34,00,42,24.8,90.4
02,35,00,44,24.8,90.3
02,36,00,41,24.8,90.3
02,37,00,27,24.8,90.3
02,38,00,40,24.8,90.4
02,39,00,36,24.8,90.4
02,40,00,42,24.8,90.5
02,41,00,20,24.8,90.6
02,42,00,37,24.8,90.5
02,43,00,43,24.7,90.7
02,44,00,33,24.7,90.8
02,45,00,27,24.8,90.7
02,46,00,25,24.8,90.8
02,47,00,19,24.8,91
02,48,00,29,24.8,91
02,49,00,28,24.9,90.8
02,50,00,37,24.9,90.7
02,51,00,19,24.9,90.5
02,52,00,48,24.8,90.6
02,53,00,31,24.8,90.9
02,54,00,14,24.8,91
02,55,00,37,24.8,90.9
02,56,00,33,24.9,90.9
02,57,00,34,24.9,90.8
02,58,00,25,25,90.7
02,59,00,42,24.9,90.7
03,00,00,40,24.9,91
03,01,00,20,24.9,91.1
03,02,00,33,24.9,90.9
03,03,00,12,24.8,91
03,04,00,34,24.8,91.1
03,05,00,15,24.8,91.2
03,06,00,26,24.9,91.1
03,08,00,11,24.9,90.9
03,09,00,23,24.9,90.9
03,10,00,27,24.9,91
03,11,00,31,24.9,90.8
03,12,00,18,24.9,90.9
03,13,00,19,24.9,90.8
03,14,00,29,24.9,91
03,15,00,27,24.8,90.9
03,16,00,48,24.8,91.2
03,17,00,31,24.7,91.5
03,18,00,28,24.8,91.3
03,19,00,30,24.7,91.3
03,20,00,40,24.7,91.5
03,21,00,43,24.7,91.6
03,22,00,37,24.7,91.6
03,23,00,44,24.8,91.2
03,24,00,34,24.8,91
03,25,00,24,24.7,91.1
03,26,00,17,24.7,91.3
03,27,00,27,24.8,91
03,28,00,29,24.8,91.1
03,29,00,36,24.8,91.2
03,30,00,43,24.8,91
03,31,00,28,24.8,90.9
03,32,00,38,24.8,91.2
03,33,00,25,24.8,91.1
03,34,00,23,24.8,91
03,35,00,55,24.8,91.1
03,36,00,16,24.8,91
03,37,00,29,24.8,91.1
03,39,00,16,24.7,91.2
03,40,00,43,24.8,91
03,41,00,40,24.8,91.1
03,42,00,35,24.8,91.1
03,43,00,31,24.7,91.2
03,44,00,35,24.7,91.3
03,45,00,39,24.7,91.2
03,46,00,32,24.7,91.3
03,47,00,22,24.7,91.3
03,48,00,21,24.7,91.3
03,49,00,51,24.7,91.4
03,50,00,43,24.6,91.4
03,51,00,29,24.7,91.4
03,52,00,35,24.6,91.5
03,53,00,38,24.7,91.3
03,54,00,26,24.6,91.4
03,55,00,28,24.7,91.3
03,56,00,13,24.6,91.1
03,57,00,40,24.6,91.4
03,58,00,19,24.6,91.6
03,59,00,36,24.6,91.5
04,00,00,36,24.6,91.3
04,01,00,32,24.6,91.3
04,02,00,21,24.6,91.3
04,03,00,40,24.6,91.2
04,04,00,28,24.6,91.1
04,05,00,30,24.7,91
04,06,00,31,24.7,90.9
04,07,00,39,24.7,91
04,08,00,23,24.6,90.9
04,09,00,31,24.6,90.7
04,10,00,21,24.6,90.9
04,11,00,21,24.7,90.9
04,12,00,36,24.7,90.6
04,13,00,29,24.8,90.4
04,14,00,21,24.8,90.4
04,15,00,29,24.8,90.5
04,16,00,33,24.8,90.2
04,17,00,38,24.8,89.7
04,18,00,33,24.7,89.6
04,19,00,37,24.7,90
04,20,00,46,24.7,90.1
04,21,00,29,24.7,89.8
04,22,00,41,24.7,89.9
04,23,00,34,24.7,89.9
04,24,00,32,24.7,89.9
04,25,00,26,24.7,89.8
04,26,00,37,24.7,89.9
04,27,00,21,24.8,89.6
04,28,00,31,24.8,89.4
04,29,00,27,24.8,89.6
04,30,00,29,24.8,89.7
04,31,00,41,24.7,90.4
04,32,00,33,24.6,90.7
04,33,00,32,24.7,90.6
04,34,00,25,24.7,90.7
04,35,00,31,24.8,90.3
04,36,00,31,24.8,89.9
04,37,00,33,24.8,89.7
04,38,00,63,24.8,89.9
04,39,00,33,24.8,89.9
04,40,00,41,24.8,89.7
04,41,00,34,24.8,89.7
04,42,00,29,24.7,89.6
04,43,00,30,24.7,90
04,44,00,23,24.7,90.1
04,45,00,33,24.8,90
04,46,00,31,24.8,90.1
04,47,00,29,24.8,90.4
04,48,00,51,24.7,90.9
04,49,00,32,24.7,91.3
04,50,00,32,24.7,91.1
04,51,00,27,24.7,91.3
04,52,00,34,24.7,91.5
04,53,00,33,24.7,91.6
04,54,00,42,24.7,91.6
04,55,00,30,24.7,91.7
04,56,00,28,24.7,91.7
04,57,00,31,24.7,91.6
04,58,00,33,24.8,91.4
04,59,00,21,24.8,91.2
05,00,00,30,24.7,91.3
05,01,00,55,24.8,91.1
05,02,00,30,24.7,91.3
05,03,00,27,24.7,91.6
05,04,00,22,24.7,91.7
05,05,00,34,24.7,91.6
05,06,00,33,24.7,91.5
05,07,00,31,24.7,91.5
05,08,00,34,24.8,91.1
05,09,00,27,24.7,90.9
05,10,00,36,24.7,91.1
05,11,00,23,24.7,91.1
05,12,00,15,24.8,90.9
05,13,00,33,24.8,90.6
05,14,00,28,24.8,90.4
05,15,00,28,24.9,90.2
05,16,00,35,24.9,90.3
05,17,00,33,24.9,90.2
05,18,00,29,24.8,89.9
05,19,00,30,24.7,90.5
05,20,00,27,24.8,90.5
05,21,00,39,24.8,90.5
05,22,00,33,24.7,90.9
05,23,00,26,24.7,91.1
05,24,00,29,24.8,90.6
05,25,00,36,24.8,90.8
05,26,00,20,24.7,90.7
05,27,00,35,24.8,90.8
05,28,00,25,24.8,90.5
05,29,00,37,24.7,90.9
05,30,00,39,24.7,90.9
05,31,00,40,24.7,91.1
05,32,00,29,24.7,91.3
05,33,00,28,24.7,91.4
05,34,00,35,24.6,91.5
05,35,00,18,24.6,91.5
05,36,00,25,24.6,91.2
05,37,00,36,24.6,91.6
05,38,00,38,24.6,91.8
05,39,00,35,24.6,91.5
05,40,00,39,24.6,91.5
05,41,00,44,24.6,91.5
05,42,00,49,24.6,91.3
05,43,00,11,24.7,91.2
05,44,00,22,24.7,91.2
05,45,00,34,24.7,90.9
05,46,00,37,24.7,90.9
05,47,00,34,24.8,90.6
05,48,00,25,24.8,90.5
05,49,00,31,24.7,91
05,50,00,40,24.7,90.9
05,51,00,19,24.7,90.8
05,52,00,40,24.7,90.8
05,53,00,27,24.8,90.7
05,54,00,29,24.8,90.7
05,55,00,48,24.8,90.1
05,56,00,43,24.8,90
05,57,00,26,24.8,89.9
05,58,00,21,24.8,89.9
05,59,00,20,24.8,90.3
06,00,00,36,24.8,90.2
06,01,00,36,24.8,89.9
06,02,00,49,24.8,89.6
06,03,00,27,24.8,89.9
06,04,00,37,24.8,89.5
06,05,00,43,24.6,90.3
06,06,00,20,24.6,90.5
06,07,00,17,24.6,90.3
06,08,00,35,24.6,90.5
06,09,00,33,24.7,90.3
06,10,00,27,24.7,90.7
06,11,00,28,24.6,90.5
06,12,00,38,24.7,90.4
06,13,00,61,24.7,90.2
06,14,00,20,24.7,90.1
06,15,00,44,24.7,90
06,16,00,22,24.7,89.9
06,17,00,17,24.6,90.2
06,18,00,28,24.5,90.8
06,19,00,39,24.5,90.9
06,20,00,26,24.5,90.9
06,21,00,25,24.6,91
06,22,00,16,24.6,90.7
06,23,00,20,24.6,90.6
06,24,00,32,24.6,90.5
06,25,00,60,24.6,90.7
06,26,00,26,24.6,91.1
06,27,00,24,24.5,90.8
06,28,00,23,24.5,91
06,29,00,37,24.4,91.2
06,30,00,13,24.5,91.6
06,31,00,15,24.3,91.9
06,32,00,31,24.4,92.5
06,33,00,34,24.3,92.9
06,34,00,43,24.4,92.5
06,35,00,16,24.5,91.6
06,36,00,35,24.5,91.5
06,37,00,33,24.6,91.7
06,38,00,39,24.6,91.7
06,39,00,43,24.5,91.4
06,40,00,30,24.4,91.5
06,41,00,13,24.4,91.7
06,42,00,43,24.5,91.8
06,43,00,38,24.4,91.7
06,44,00,41,24.4,91.8
06,45,00,24,24.3,92.2
06,46,00,38,24.3,92.3
06,47,00,47,24.3,92.4
06,48,00,40,24.4,92.5
06,49,00,26,24.5,92.1
06,50,00,22,24.4,92.2
06,51,00,38,24.5,92.2
06,52,00,42,24.4,92
06,53,00,19,24.4,92.4
06,54,00,48,24.5,92.4
06,55,00,37,24.5,92
06,56,00,25,24.4,91.9
06,57,00,44,24.4,92.1
06,58,00,27,24.5,91.8
06,59,00,38,24.5,90.5
07,00,00,42,24.4,91.6
07,01,00,34,24.5,91.5
07,02,00,51,24.6,91.1
07,03,00,27,24.6,91.4
07,04,00,25,24.8,90.8
07,05,00,21,24.8,90.3
07,06,00,32,24.7,90.2
07,07,00,52,24.7,90.7
07,08,00,30,24.7,90.8
07,09,00,34,24.7,90.1
07,10,00,34,24.8,89.8
07,11,00,47,24.7,88.1
07,12,00,46,24.8,87.8
07,13,00,24,24.8,88
07,14,00,28,24.8,88.9
07,15,00,30,24.7,89.4
07,16,00,56,24.8,88.9
07,17,00,27,24.8,88.1
07,18,00,41,24.8,88.4
07,19,00,30,24.8,88.2
07,20,00,42,24.8,87.5
07,21,00,43,24.8,88
07,22,00,30,24.9,87.8
07,23,00,39,24.9,88
07,24,00,61,24.9,87.8
07,25,00,35,24.9,88.1
07,26,00,36,25,88.4
07,27,00,34,25,87.6
07,28,00,30,25.1,86.7
07,29,00,41,25.2,86.2
07,30,00,49,25.2,86.2
07,31,00,39,25.2,86.2
07,32,00,64,25.2,87.4
07,33,00,29,25.2,87.3
07,34,00,23,25.2,87.5
07,35,00,44,25.2,86.4
07,36,00,66,25.2,86
07,37,00,50,25.2,86.2
07,38,00,25,25.3,85.9
07,39,00,50,25.3,86
07,40,00,49,25.2,84.6
07,41,00,30,25.2,83.2
07,42,00,54,25.2,83.1
07,43,00,35,25.2,83.9
07,44,00,38,25.3,82.7
07,45,00,53,25.2,83.9
07,46,00,47,25.3,84
07,47,00,34,25.4,84.1
07,48,00,29,25.5,83.4
07,49,00,50,25.4,84
07,50,00,48,25.4,83.7
07,51,00,16,25.5,83.5
07,52,00,41,25.6,83
07,53,00,41,25.6,83.6
07,54,00,32,25.7,83.8
07,55,00,42,25.7,83.8
07,56,00,37,25.7,83.7
07,57,00,41,25.8,84.2
07,58,00,37,25.9,84.7
07,59,00,26,25.9,83
08,00,00,31,25.9,83.5
08,01,00,38,25.9,83.7
08,02,00,37,26,84
08,03,00,43,26,84.5
08,04,00,37,26,82.9
08,05,00,32,26.1,82.5
08,06,00,38,26.2,82.6
08,07,00,53,26.1,81.1
08,08,00,46,26.1,81.8
08,09,00,33,26.2,81.9
08,10,00,35,26.3,82.7
08,11,00,36,26.3,83.3
08,12,00,40,26.4,83.3
08,13,00,50,26.4,83.6
08,14,00,49,26.4,81.9
08,15,00,29,26.5,81.2
08,16,00,31,26.6,82.6
08,17,00,53,26.6,82.4
08,18,00,41,26.6,80.1
08,19,00,34,26.6,79.3
08,20,00,42,26.7,79.1
08,21,00,41,26.8,79
08,22,00,31,26.8,79.8
08,23,00,49,26.9,79.4
08,24,00,38,26.9,79.4
08,25,00,36,26.9,78.1
08,26,00,43,26.9,79.1
08,27,00,27,26.8,79.4
08,28,00,44,26.9,79.6
08,29,00,53,27,79.3
08,30,00,45,27,79.1
08,31,00,34,27,78
08,32,00,41,26.8,78.4
08,33,00,42,26.9,78.6
08,34,00,34,27,77.1
08,35,00,33,27.1,77.4
08,36,00,40,27.2,77.8
08,37,00,33,27.1,78.2
08,38,00,59,27.2,76.5
08,39,00,29,27.3,77.1
08,40,00,44,27.4,76.9
08,41,00,26,27.2,76.4
08,42,00,55,27.3,76.9
08,43,00,34,27.4,76.6
08,44,00,39,27.5,77.2
08,45,00,54,27.5,75.9
08,46,00,29,27.4,75.7
08,47,00,35,27.4,76.1
08,48,00,29,27.4,75.6
08,49,00,34,27.5,76.7
08,50,00,43,27.7,77.2
08,51,00,56,27.7,76.8
08,52,00,39,27.6,76.6
08,53,00,36,27.6,75.9
08,54,00,35,27.7,73.6
08,55,00,35,27.7,72.7
08,56,00,25,27.6,72.2
08,57,00,36,27.7,72.6
08,58,00,21,27.8,73.6
08,59,00,37,27.9,73.6
09,00,00,29,28,73.6
09,01,00,38,28.2,73.1
09,02,00,48,28.2,73.7
09,03,00,48,28.3,73.7
09,04,00,43,28.4,74.6
09,05,00,37,28.4,73.6
09,06,00,47,28.5,73.9
09,07,00,47,28.5,73.2
09,08,00,31,28.6,72.4
09,09,00,51,28.4,68.7
09,10,00,71,28.3,70.4
09,11,00,24,28.4,71.7
09,12,00,43,28.6,71.8
09,13,00,43,28.6,71.2
09,14,00,37,28.8,70.9
09,15,00,38,28.9,70.8
09,16,00,32,28.9,71.4
09,17,00,46,29,69.7
09,19,00,28,29.1,67.3
09,20,00,38,29.1,68.6
09,21,00,44,29.1,67.2
09,22,00,38,29.1,66.9
09,23,00,38,28.9,67.3
09,24,00,44,29,67.7
09,25,00,30,29.1,66.6
09,26,00,38,29.2,66.6
09,27,00,51,29.1,67.8
09,28,00,56,29.1,68
09,29,00,42,29.1,68.6
09,30,00,28,29.2,69.4
09,31,00,52,29.2,69
09,32,00,27,29.2,68.8
09,33,00,41,29.2,66.6
09,34,00,35,29.2,67.6
09,35,00,40,29.2,67.3
09,36,00,23,29.2,67.4
09,37,00,36,29.2,68
09,38,00,32,29.2,68.4
09,39,00,33,29.3,70
09,40,00,39,29.3,69.6
09,41,00,38,29.3,68.5
09,42,00,22,29.2,65.2
09,43,00,42,29.1,66.6
09,44,00,30,29.1,67
09,45,00,43,29.1,67.5
09,46,00,43,29.2,67.6
09,47,00,27,29.3,66.8
09,48,00,36,29.2,67.5
09,49,00,27,29.1,67.7
09,50,00,42,29.1,67.7
09,51,00,29,29.1,67.2
09,52,00,47,29.1,67.5
09,53,00,44,29.1,68
09,54,00,41,29.1,67.7
09,55,00,37,29.1,67.6
09,56,00,26,29.1,66.9
09,57,00,45,29.1,67.2
09,58,00,24,29.1,68.2
09,59,00,33,29.2,68.3
10,00,00,33,29.2,69.2
10,01,00,37,29.1,69.6
10,02,00,28,29.1,69.5
10,03,00,38,29,69.7
10,04,00,36,29.1,70.1
10,05,00,43,29.1,70.1
10,06,00,36,29.1,70.2
10,07,00,50,29.1,70.3
10,08,00,46,29.2,69.8
10,09,00,47,29.2,69.4
10,10,00,39,29.2,69.5
10,11,00,41,29.2,68.9
10,12,00,47,29.2,69.3
10,13,00,32,29.3,69.2
10,14,00,41,29.3,68.2
10,15,00,46,29.3,67.8
10,16,00,44,29.4,68.2
10,17,00,29,29.5,67.1
10,18,00,47,29.6,66.9
10,19,00,57,29.7,67.1
10,20,00,37,29.7,64.7
10,21,00,44,29.8,64.1
10,22,00,37,29.8,63.7
10,23,00,27,29.7,63.9
10,24,00,40,29.8,65.6
10,25,00,36,29.8,66.8
10,26,00,38,29.9,65.2
10,27,00,48,30,66.6
10,28,00,34,29.9,66.7
10,29,00,70,30,66.8
10,30,00,39,30,65.2
10,31,00,47,30,63.7
10,32,00,62,30,63.9
10,33,00,41,30,65.2
10,34,00,56,30.1,65.8
10,35,00,47,30.1,65.9
10,36,00,55,30.1,65.1
10,37,00,46,30.1,64.2
10,38,00,46,30.1,64.9
10,39,00,40,30.2,65.6
10,40,00,50,30.2,64.1
10,41,00,64,30.2,65.1
10,42,00,45,30.2,65.7
10,43,00,47,30.2,65.4
10,44,00,47,30.2,66.2
10,45,00,48,30.3,65.2
10,46,00,37,30.3,65.7
10,47,00,32,30.4,64.6
10,48,00,46,30.3,64.7
10,49,00,47,30.3,65.7
10,50,00,26,30.3,65.1
10,51,00,54,30.3,65.3
10,52,00,32,30.3,65.8
10,53,00,36,30.3,66.7
10,54,00,43,30.4,66.9
10,55,00,39,30.4,67
10,56,00,36,30.4,66.6
10,57,00,29,30.5,65.4
10,58,00,61,30.4,65.4
10,59,00,43,30.5,65.3
11,00,00,31,30.5,65.1
11,01,00,32,30.5,66.1
11,02,00,17,30.3,63.3
11,03,00,52,30.2,63.3
11,04,00,29,30.3,63.8
11,05,00,18,30.4,65.4
11,06,00,15,30.3,65.9
11,08,00,38,30.4,66
11,09,00,39,30.4,67.2
11,10,00,44,30.4,66.9
11,11,00,31,30.5,68.6
11,12,00,56,30.4,67
11,13,00,29,30.4,67
11,14,00,25,30.4,66.9
11,15,00,32,30.4,67.4
11,16,00,71,30.3,67.7
11,17,00,44,30.4,67.3
11,18,00,52,30.4,68.5
11,19,00,28,30.4,69.2
11,20,00,24,30.5,67.6
11,21,00,59,30.5,65.1
11,22,00,33,30.6,67.1
11,23,00,42,30.6,68.2
11,24,00,23,30.7,67.3
11,25,00,49,30.7,66
11,26,00,42,30.6,67.9
11,27,00,31,30.6,67.9
11,28,00,40,30.6,66.7
11,29,00,60,30.6,66.2
11,30,00,40,30.6,65
11,31,00,19,30.6,64.6
11,32,00,51,30.6,64.2
11,33,00,28,30.6,66.1
11,34,00,8,30.7,66.3
11,35,00,39,30.6,65.7
11,36,00,26,30.5,67.1
11,37,00,25,30.6,67
11,38,00,31,30.5,67
11,39,00,16,30.5,66.8
11,40,00,25,30.5,66.7
11,41,00,29,30.3,67
11,42,00,45,30.2,66.9
11,43,00,37,30.2,67.1
11,44,00,32,30.3,67.3
11,45,00,44,30.3,67.1
11,46,00,42,30.4,67.7
11,47,00,29,30.4,67.6
11,48,00,56,30.4,67.6
11,49,00,39,30.3,67.9
11,50,00,31,30.3,67.3
11,51,00,55,30.3,68.3
11,52,00,34,30.3,67.3
11,53,00,38,30.3,67.8
11,54,00,33,30.4,68
11,55,00,30,30.4,67.7
11,56,00,31,30.5,68.2
11,57,00,32,30.5,67.7
11,58,00,38,30.4,66.6
11,59,00,45,30.3,66.9
12,00,00,50,30.4,67.1
12,01,00,22,30.3,67.1
12,02,00,34,30.3,67.8
12,03,00,60,30.3,67.9
12,04,00,41,30.3,67.8
12,05,00,41,30.3,68.6
12,06,00,35,30.3,67.8
12,07,00,39,30.3,68.2
12,08,00,25,30.1,67.4
12,09,00,42,30.1,67.7
12,10,00,34,30.2,68.4
12,11,00,48,30.1,68.1
12,12,00,36,30.2,68.4
12,13,00,40,30.1,67.8
12,14,00,61,30,68.4
12,15,00,41,30,68.3
12,16,00,26,30,68.8
12,17,00,30,29.9,67.8
12,18,00,23,29.9,67.7
12,19,00,32,29.9,68.1
12,20,00,38,29.6,68.9
12,21,00,34,29.5,68.6
12,22,00,45,29.4,69.9
12,23,00,44,29.2,70
12,24,00,28,29.4,70.4
12,25,00,27,29.4,69.5
12,26,00,27,29.5,69.4
12,27,00,54,29.4,70.1
12,28,00,34,29.5,68.9
12,29,00,39,29.4,68.1
12,30,00,47,29.4,69
12,31,00,42,29.5,69.2
12,32,00,35,29.4,68.2
12,33,00,35,29.4,68.6
12,34,00,27,29.4,68.8
12,35,00,22,29.4,69.6
12,36,00,37,29.5,68.8
12,37,00,33,29.6,68.9
12,38,00,28,29.7,69.1
12,39,00,32,29.8,69.2
12,40,00,43,29.8,68.5
12,41,00,56,29.7,68.4
12,42,00,47,29.7,68.8
12,43,00,58,29.7,68.9
12,44,00,22,29.8,69.3
12,45,00,54,29.8,68.8
12,46,00,39,29.8,68.8
12,47,00,32,29.8,69.3
12,48,00,29,29.8,69.1
12,49,00,30,29.9,69.4
12,50,00,38,29.8,69
12,51,00,35,29.9,69.1
12,52,00,29,30.1,68.5
12,53,00,45,30.2,68.6
12,54,00,32,30.2,67.2
12,55,00,38,30.3,67.6
12,56,00,31,30.1,67.7
12,57,00,34,30,68.4
12,58,00,49,30.1,69.3
12,59,00,41,30.2,69.1
13,00,00,29,30.1,67.8
13,01,00,37,30.2,67.7
13,02,00,54,30.1,68.4
13,03,00,42,30.1,68.5
13,04,00,63,30.2,68.5
13,05,00,24,30.2,68.2
13,06,00,40,30.1,69
13,07,00,37,30.1,69
13,08,00,32,30.1,68.6
13,09,00,47,30.1,68.4
13,10,00,34,30.1,68.8
13,11,00,57,30.1,68.6
13,12,00,50,30,68.6
13,13,00,41,29.9,68.7
13,14,00,47,29.9,69.1
13,15,00,53,29.9,69.3
13,16,00,55,29.8,68.8
13,17,00,36,29.7,69.4
13,18,00,37,29.8,70.1
13,19,00,31,29.7,69.3
13,20,00,39,29.7,69.1
13,21,00,48,29.7,69
13,22,00,26,29.7,69.4
13,23,00,37,29.4,69.9
13,24,00,44,29.5,69.3
13,25,00,31,29.6,69.4
13,26,00,58,29.5,69.6
13,27,00,22,29.6,69.9
13,28,00,25,29.6,69.7
13,29,00,32,29.5,69.6
13,30,00,40,29.6,70
13,31,00,38,29.6,70
13,32,00,55,29.6,69.7
13,33,00,36,29.4,71
13,34,00,45,29.4,71.6
13,35,00,48,29.3,71.5
13,36,00,35,29.3,71.4
13,37,00,32,29,72.1
13,38,00,42,29.1,72.7
13,39,00,37,29.1,72.6
13,40,00,58,29,72
13,41,00,46,29,72.4
13,42,00,27,29,72.8
13,43,00,43,29,72.7
13,44,00,43,29.1,73
13,45,00,47,29.1,72.9
13,46,00,37,29.2,73.1
13,47,00,33,29.1,73.1
13,48,00,39,29.2,73.3
13,49,00,36,29.1,73.3
13,50,00,36,29.2,73.2
13,51,00,50,29.3,73.2
13,52,00,46,29.3,73.1
13,53,00,19,29.3,73.7
13,54,00,50,29.3,72.7
13,55,00,24,29.3,72.7
13,56,00,43,29.3,72.4
13,57,00,43,29.5,72.6
13,58,00,56,29.6,73.5
13,59,00,34,29.6,72.2
14,00,00,34,29.6,72.5
14,01,00,34,29.5,72.6
14,02,00,29,29.6,72.2
14,03,00,39,29.7,72.7
14,04,00,44,29.7,72.2
14,06,00,37,29.6,71.2
14,07,00,30,29.6,70.7
14,08,00,44,29.6,70.5
14,09,00,39,29.6,70.8
14,10,00,26,29.7,71.7
14,11,00,48,29.6,71
14,12,00,48,29.7,71.3
14,13,00,51,29.7,71.1
14,14,00,28,29.8,71.6
14,15,00,50,29.6,70.4
14,16,00,59,29.6,71
14,17,00,56,29.6,71
14,18,00,41,29.7,71
14,19,00,41,29.7,70.4
14,20,00,35,29.7,70.4
14,21,00,46,29.7,71
14,22,00,40,29.8,71.1
14,23,00,31,29.9,70.6
14,24,00,27,29.9,70
14,25,00,28,29.9,70.2
14,26,00,19,29.9,70.3
14,27,00,32,29.9,70.5
14,28,00,37,29.9,69.9
14,29,00,37,30,70
14,30,00,64,30.1,70.4
14,31,00,55,30.1,70
14,32,00,30,30.2,70.1
14,33,00,70,30.3,70.3
14,34,00,57,30.3,71.3
14,35,00,49,30.3,70.7
14,36,00,24,30.4,70.4
14,37,00,20,30.3,70
14,38,00,44,30.3,71.1
14,39,00,36,30.4,70.6
14,40,00,42,30.3,70.4
14,41,00,58,30.3,70.2
14,42,00,34,30.3,70.4
14,43,00,60,30.1,70.4
14,44,00,44,30,70.2
14,45,00,36,30,69.1
14,46,00,48,30.1,69
14,47,00,35,30.1,68.9
14,48,00,22,30.1,69
14,49,00,47,30.1,69.7
14,50,00,36,29.9,70.6
14,51,00,39,29.9,71.4
14,52,00,59,30,70.5
14,53,00,25,30.1,70.5
14,54,00,41,30.1,70.1
14,55,00,31,30.1,69.9
14,56,00,50,30.1,70
14,57,00,47,30.1,68.1
14,58,00,40,30.1,68
14,59,00,15,30,68.3
15,00,00,34,30,67.6
15,01,00,47,29.9,68.5
15,02,00,45,29.9,69
15,03,00,38,29.9,69.2
15,04,00,48,29.9,69.7
15,05,00,40,29.8,69.6
15,06,00,17,29.8,69.7
15,07,00,20,29.8,69.5
15,08,00,28,29.8,69.7
15,09,00,25,29.9,69.5
15,10,00,31,30,69.8
15,11,00,23,30,68.7
15,12,00,30,29.9,68.1
15,13,00,34,29.8,68
15,14,00,20,29.8,67.9
15,15,00,36,29.9,68.3
15,16,00,43,29.9,68.3
15,17,00,28,30,68.5
15,18,00,37,30,68.5
15,19,00,32,30.1,69.5
15,20,00,38,30,69
15,21,00,44,30,68.9
15,22,00,27,30,68.9
15,23,00,52,30.1,70.2
15,24,00,23,30.1,69.9
15,25,00,40,30.2,69.5
15,26,00,37,30.1,68.9
15,27,00,25,30,69.4
15,28,00,40,30,68.7
15,29,00,32,30,68.6
15,30,00,22,30,69.2
15,31,00,31,30,69.4
15,32,00,50,30.1,69.5
15,33,00,42,30.1,69.5
15,34,00,34,30.1,69.7
15,35,00,43,30,69.5
15,36,00,16,30,68.8
15,37,00,32,30,68.7
15,38,00,16,30,69.5
15,39,00,33,30.1,69.7
15,40,00,14,30.1,69.3
15,41,00,36,30,70.1
15,42,00,31,30,69.7
15,43,00,34,30,70
15,44,00,16,29.9,71.4
15,45,00,57,29.8,72.1
15,46,00,29,29.7,73
15,47,00,28,29.7,74.1
15,48,00,48,29.6,74.5
15,49,00,28,29.6,75.9
15,50,00,46,29.5,75.3
15,51,00,24,29.4,75.9
15,52,00,30,29.4,76.8
15,53,00,29,29.3,75.6
15,54,00,38,29.1,76.4
15,55,00,27,29.1,76.7
15,56,00,29,29.2,76.2
15,57,00,19,29.2,76.3
15,58,00,30,29.2,77.2
15,59,00,22,29.1,75.6
16,00,00,25,28.9,76.2
16,01,00,29,28.9,76.4
16,02,00,30,28.9,76.3
16,03,00,34,28.9,76.3
16,04,00,24,28.9,76.1
16,05,00,42,28.9,75.8
16,06,00,34,29,76
16,07,00,17,29,76.1
16,08,00,31,29,75.9
16,09,00,41,29,75.6
16,10,00,33,29.1,74.6
16,11,00,28,29,75
16,12,00,13,28.9,74.5
16,13,00,39,28.9,74.5
16,14,00,30,28.9,74.6
16,15,00,37,28.9,75.9
16,16,00,26,28.9,76.1
16,17,00,31,28.9,76.5
16,18,00,28,28.8,76
16,19,00,24,28.8,76.1
16,20,00,28,28.9,77.4
16,21,00,34,28.8,76.7
16,22,00,22,28.8,77.4
16,23,00,25,28.8,77.1
16,24,00,31,28.7,77
16,25,00,34,28.7,77
16,26,00,28,28.7,77.9
16,27,00,28,28.6,78
16,28,00,24,28.5,77.7
16,29,00,34,28.6,77.4
16,30,00,29,28.6,77.9
16,31,00,24,28.4,78.6
16,32,00,30,28.4,78.1
16,33,00,36,28.5,77.3
16,34,00,32,28.6,76.9
16,35,00,37,28.6,77.4
16,36,00,13,28.5,78.1
16,37,00,40,28.6,77.3
16,38,00,31,28.6,77
16,39,00,30,28.6,77
16,40,00,27,28.6,76.5
16,41,00,32,28.6,77.2
16,42,00,19,28.5,76.6
16,43,00,43,28.5,77.3
16,44,00,36,28.4,76.6
16,45,00,37,28.4,77.1
16,46,00,23,28.4,77.9
16,47,00,37,28.3,78.5
16,48,00,27,28.2,78.4
16,49,00,22,28.2,78.4
16,50,00,34,28.2,78.9
16,51,00,13,28.1,78.1
16,52,00,37,28.1,77.4
16,53,00,23,28.2,77.7
16,54,00,18,28.2,77.7
16,55,00,35,28.1,78.9
16,56,00,37,28.2,78.6
16,57,00,41,28.2,79.7
16,58,00,31,28.1,79.8
16,59,00,34,28.1,78.9
17,00,00,15,28.2,78.8
17,01,00,26,28.1,79.1
17,02,00,30,28.1,78.1
17,03,00,22,28.2,77.5
17,04,00,22,28.3,77.1
17,05,00,21,28.3,77.6
17,06,00,28,28.3,77.9
17,07,00,27,28.2,77.9
17,08,00,8,28.2,76.9
17,09,00,22,28.2,77.3
17,10,00,19,28.2,77.6
17,11,00,25,28.3,77.3
17,12,00,8,28.3,76.9
17,13,00,31,28.2,77.7
17,14,00,34,28.1,77.3
17,15,00,33,28,77.6
17,16,00,30,28,78.3
17,17,00,33,27.9,77.5
17,18,00,23,28,77.3
17,19,00,16,28,76.6
17,20,00,36,28,76.7
17,21,00,28,28,76.9
17,22,00,33,28.1,76.9
17,23,00,22,28.2,76.3
17,24,00,15,28.1,77.2
17,25,00,28,28.2,77.4
17,26,00,37,28.1,77.4
17,27,00,30,28.1,78.1
17,28,00,28,28,77.7
17,29,00,43,28,78.3
17,30,00,31,27.9,78.6
17,31,00,20,27.9,78.1
17,32,00,26,27.9,78.4
17,33,00,31,27.8,78.9
17,34,00,33,27.8,79.9
17,35,00,30,27.7,79.7
17,36,00,20,27.8,79.6
17,37,00,20,27.8,79.4
17,38,00,26,27.8,79.8
17,39,00,34,27.7,80.3
17,40,00,31,27.8,79.9
17,41,00,27,27.9,80.1
17,42,00,36,27.8,80.1
17,43,00,39,27.7,81.3
17,44,00,43,27.7,81.6
17,45,00,17,27.6,81.7
17,46,00,23,27.6,82.4
17,47,00,40,27.6,82.2
17,48,00,31,27.7,82.2
17,49,00,28,27.6,82.4
17,50,00,22,27.5,82.5
17,51,00,24,27.6,83
17,52,00,18,27.6,82.6
17,53,00,37,27.5,83.2
17,54,00,24,27.5,83.4
17,55,00,31,27.5,84.3
17,56,00,40,27.5,84
17,57,00,29,27.4,83.9
17,58,00,17,27.4,84.2
17,59,00,24,27.3,84.6
18,00,00,36,27.4,84.5
18,01,00,27,27.4,84.7
18,02,00,16,27.4,85.6
18,03,00,25,27.3,85.4
18,04,00,23,27.3,85.3
18,05,00,16,27.3,85.2
18,06,00,29,27.3,85.5
18,07,00,33,27.3,85.2
18,08,00,28,27.4,84.9
18,09,00,36,27.4,84.5
18,10,00,46,27.4,84.6
18,11,00,48,27.3,85
18,12,00,27,27.2,85.1
18,13,00,27,27.1,85.1
18,14,00,45,27.1,85.1
18,15,00,40,27.2,84.9
18,16,00,23,27.2,85
18,17,00,38,27.2,85.3
18,18,00,28,27.1,85
18,19,00,18,27.1,84.4
18,20,00,38,27,84.6
18,21,00,14,27,85.2
18,22,00,32,26.9,85.2
18,23,00,23,26.9,85.2
18,24,00,30,26.9,85
18,25,00,32,26.9,85.2
18,26,00,28,26.9,85.3
18,27,00,23,26.9,85.4
18,28,00,29,26.9,85.4
18,29,00,40,26.9,85.5
18,30,00,27,26.8,85.7
18,31,00,29,26.8,85.3
18,32,00,23,26.9,85.4
18,33,00,16,26.9,85.2
18,34,00,32,26.7,85
18,35,00,27,26.5,86.1
18,36,00,23,26.6,86
18,37,00,27,26.6,86
18,38,00,16,26.5,86.7
18,39,00,18,26.5,86.9
18,40,00,23,26.6,86.3
18,41,00,31,26.6,85.7
18,42,00,34,26.4,85.7
18,43,00,34,26.2,86.3
18,44,00,20,26.2,86.6
18,45,00,22,26.2,85.7
18,46,00,38,26.1,86.2
18,47,00,27,26.2,86.2
18,48,00,44,26.1,86.6
18,49,00,32,26.1,86.1
18,50,00,29,26.1,86.4
18,51,00,33,26.1,86.8
18,52,00,33,26.2,86.9
18,53,00,24,26.2,87
18,54,00,19,26.3,87.2
18,55,00,20,26.3,87.1
18,56,00,36,26.3,87.2
18,57,00,24,26.3,86.5
18,58,00,31,26.3,86.4
18,59,00,31,26.2,86.5
19,00,00,19,26.2,86.5
19,01,00,18,26.2,86.4
19,02,00,20,26.2,86.1
19,03,00,36,26.2,86.8
19,04,00,20,26.2,86
19,05,00,30,26.2,86
19,06,00,34,26.2,86.4
19,07,00,20,26.3,86.7
19,08,00,36,26.3,86.7
19,09,00,18,26.3,87
19,10,00,11,26.2,87.1
19,11,00,37,26,87.6
19,12,00,22,26,88
19,13,00,33,26,87.9
19,14,00,31,26.1,87.9
19,15,00,19,26.2,87.8
19,16,00,31,26.2,87.8
19,17,00,38,26.2,87.8
19,18,00,12,26.2,87.5
19,19,00,18,26.2,87.2
19,20,00,18,26.2,87.3
19,21,00,18,26.2,87.6
19,22,00,29,26.2,87.4
19,23,00,31,26.2,87.3
19,24,00,21,26.3,86.8
19,25,00,19,26.3,86.8
19,26,00,16,26.2,86.9
19,27,00,21,26.2,87.1
19,28,00,31,26.2,87.3
19,29,00,44,26.4,87.1
19,30,00,24,26.4,86.8
19,31,00,42,26.4,86.9
19,32,00,21,26.3,86.8
19,33,00,40,26.3,87.5
19,34,00,40,26.3,87.5
19,35,00,35,26.3,87.1
19,36,00,32,26.3,87
19,37,00,46,26.3,87.1
19,38,00,31,26.4,87
19,39,00,19,26.4,87.7
19,40,00,14,26.4,87.2
19,41,00,37,26.1,87.9
19,42,00,28,26.2,88.3
19,43,00,37,26.3,88.3
19,44,00,35,26.2,88.4
19,45,00,25,26.1,88.7
19,46,00,27,26,88.4
19,47,00,26,26,88.7
19,48,00,19,26,88.6
19,49,00,23,25.9,88.9
19,50,00,42,25.9,88.7
19,51,00,21,25.9,88.3
19,52,00,40,26,88.6
19,53,00,16,26,88.3
19,54,00,47,26.1,88.1
19,55,00,35,26.2,87.9
19,56,00,28,26.2,88
19,57,00,16,26.2,87.2
19,58,00,21,26.2,87.3
19,59,00,18,26.2,87.3
20,00,00,31,26.2,87.2
20,01,00,38,26.2,87.4
20,02,00,41,26.2,87.3
20,03,00,25,26.2,87.4
20,04,00,22,26.2,87.6
20,05,00,34,26.3,87.4
20,06,00,26,26.3,87.3
20,07,00,26,26.4,87
20,08,00,30,26.4,86.6
20,09,00,29,26.4,87
20,10,00,39,26.4,86.8
20,11,00,33,26.4,86.6
20,12,00,23,26.3,86.2
20,13,00,28,26.1,86.8
20,14,00,21,26.2,87
20,15,00,26,26.2,87.4
20,16,00,38,26.3,87.2
20,17,00,33,26.3,87.2
20,18,00,40,26.3,87.3
20,19,00,34,26.4,87
20,20,00,39,26.4,87
20,21,00,29,26.4,87.1
20,22,00,25,26.3,86.6
20,23,00,29,26.2,87.2
20,24,00,17,26.3,87.1
20,25,00,22,26.4,86.8
20,26,00,16,26.4,87.1
20,27,00,30,26.3,86.9
20,28,00,21,26.2,87.4
20,29,00,22,26.1,87.8
20,30,00,30,26.1,87.6
20,31,00,33,26.1,87.9
20,32,00,33,26.1,88.1
20,33,00,29,26,87.9
20,34,00,25,26,88
20,35,00,28,26,88.4
20,36,00,27,25.9,87.9
20,37,00,25,25.9,88.3
20,38,00,20,25.9,88.4
20,39,00,17,25.9,88.4
20,40,00,31,26,88.3
20,41,00,37,26.1,88.4
20,42,00,38,26.1,88.2
20,43,00,24,26.2,88
20,44,00,28,26.2,88.2
20,45,00,27,26.3,88.1
20,46,00,25,26.3,88.1
20,47,00,35,26.3,88.3
20,48,00,30,26.2,88.5
20,49,00,18,26.3,88.4
20,50,00,27,26.3,88.3
20,51,00,33,26.3,88.3
20,52,00,50,26.2,88.5
20,53,00,24,26.2,88.7
20,54,00,40,26.3,88
20,55,00,47,26.3,88.1
20,56,00,20,26.2,88.3
20,57,00,26,26.3,87.9
20,58,00,33,26.3,87.9
20,59,00,29,26.3,87.8
21,00,00,26,26.3,87.7
21,01,00,26,26.2,88
21,02,00,43,26.2,88.4
21,03,00,23,26.2,88.3
21,04,00,18,26.2,88.2
21,05,00,40,26.2,88.3
21,06,00,39,26.2,88.6
21,07,00,40,26.1,88.7
21,08,00,31,26.1,88.5
21,09,00,26,26.1,88.1
21,10,00,26,26.1,88
21,11,00,23,26.1,88.1
21,12,00,14,26.1,88
21,13,00,23,26.1,88
21,14,00,28,26.1,88.2
21,15,00,33,26.2,87.9
21,16,00,42,26.2,87.8
21,17,00,26,26.1,87.9
21,18,00,36,26.1,88.6
21,19,00,25,26.1,88.5
21,20,00,33,26.1,88.2
21,21,00,19,26.1,88
21,22,00,32,26.1,88.1
21,23,00,21,26.1,88.2
21,24,00,25,26.1,88
21,25,00,25,26.1,88.4
21,26,00,25,26,88.5
21,27,00,44,26,88.6
21,28,00,33,26,89.1
21,29,00,38,26,88.8
21,30,00,24,26.1,88.6
21,31,00,29,26.1,88.3
21,32,00,33,26,88.6
21,33,00,36,26,88.8
21,34,00,17,26,88.7
21,35,00,21,26.1,88.7
21,36,00,22,26.1,88.5
21,37,00,22,26.1,87.7
21,38,00,30,26.1,87.9
21,39,00,29,26.1,87.8
21,40,00,17,26.1,87.3
21,41,00,36,26,87.6
21,42,00,32,26,87.6
21,43,00,24,25.9,88
21,44,00,39,25.9,88.1
21,45,00,36,25.9,88
21,46,00,23,25.9,87.4
21,47,00,25,25.9,88
21,48,00,29,25.9,88
21,49,00,29,25.9,87.9
21,50,00,26,25.9,88
21,51,00,17,25.9,88
21,52,00,49,25.8,88.4
21,53,00,47,25.7,88.3
21,54,00,37,25.7,88.6
21,55,00,18,25.7,87.9
21,56,00,20,25.6,87.7
21,57,00,37,25.7,87.7
21,58,00,28,25.7,87.9
21,59,00,16,25.7,87.9
22,00,00,30,25.7,88
22,01,00,20,25.7,87.5
22,02,00,33,25.7,86.9
22,03,00,49,25.7,87
22,04,00,22,25.8,86.9
22,05,00,16,25.8,86.8
22,06,00,18,25.9,87.1
22,07,00,38,26,87
22,08,00,31,26,86.9
22,09,00,23,26,86.9
22,10,00,18,26,87.1
22,11,00,34,26,87.2
22,12,00,31,26,87.2
22,13,00,40,26,86.6
22,14,00,44,26,86.5
22,15,00,18,26,86.3
22,16,00,28,26,86.6
22,17,00,19,25.9,87.1
22,18,00,24,25.9,87.5
22,19,00,25,25.8,88.1
22,20,00,40,25.7,88.2
22,21,00,23,25.7,88.1
22,22,00,23,25.7,87.9
22,23,00,21,25.7,87.9
22,24,00,52,25.7,87.9
22,25,00,29,25.7,87.9
22,26,00,29,25.7,88.1
22,27,00,24,25.6,88.3
22,28,00,14,25.7,88.1
22,29,00,22,25.7,87.9
22,30,00,32,25.8,87.9
22,31,00,27,25.8,87.8
22,32,00,32,25.7,88.2
22,33,00,40,25.7,88
22,34,00,33,25.7,88.4
22,35,00,31,25.7,88.6
22,36,00,24,25.7,88.5
22,37,00,29,25.8,88.4
22,38,00,28,25.7,88.4
22,39,00,45,25.8,87.9
22,40,00,25,25.8,88
22,41,00,22,25.7,88.5
22,42,00,22,25.7,88.6
22,43,00,27,25.7,88.9
22,44,00,31,25.7,89.3
22,45,00,43,25.7,89.4
22,46,00,38,25.8,88.9
22,47,00,25,25.7,88.9
22,48,00,35,25.7,88.9
22,49,00,23,25.7,88.8
22,50,00,24,25.6,88.5
22,51,00,32,25.6,88.4
22,52,00,40,25.6,88.4
22,53,00,21,25.6,88.8
22,54,00,23,25.6,88.3
22,55,00,35,25.7,88.6
22,56,00,27,25.6,88.2
22,57,00,31,25.6,88.2
22,58,00,21,25.7,88.1
22,59,00,34,25.6,88.1
23,00,00,14,25.6,88.1
23,01,00,30,25.6,88.2
23,02,00,36,25.6,88.7
23,03,00,41,25.6,88.2
23,04,00,28,25.6,88.4
23,05,00,41,25.6,88.4
23,06,00,33,25.7,88.5
23,07,00,36,25.7,88.2
23,08,00,28,25.7,88.1
23,09,00,36,25.7,88.5
23,10,00,27,25.6,88.1
23,11,00,21,25.6,88.4
23,12,00,28,25.7,88.2
23,13,00,25,25.7,88.1
23,14,00,41,25.6,88.3
23,15,00,20,25.6,88.8
23,16,00,16,25.5,88.8
23,17,00,29,25.5,88.7
23,18,00,40,25.5,88.8
23,19,00,42,25.5,88.1
23,20,00,32,25.5,88.4
23,21,00,43,25.6,88.6
23,22,00,49,25.6,87.9
23,23,00,32,25.7,87.7
23,24,00,24,25.6,87.7
23,25,00,22,25.7,87.8
23,26,00,25,25.6,88
23,27,00,42,25.6,88.4
23,28,00,22,25.6,88.1
23,29,00,28,25.6,88
23,30,00,30,25.6,88.1
23,31,00,37,25.6,88.4
23,32,00,42,25.5,88.7
23,33,00,17,25.5,88.6
23,34,00,33,25.6,88.5
23,35,00,30,25.6,88.7
23,36,00,26,25.6,88.7
23,37,00,35,25.5,88.5
23,38,00,30,25.5,89
23,39,00,20,25.5,88.5
23,40,00,33,25.5,88.5
23,41,00,16,25.4,88.8
23,42,00,17,25.4,89.1
23,43,00,32,25.5,88.9
23,44,00,26,25.6,88.3
23,45,00,24,25.6,88.3
23,46,00,37,25.5,88.3
23,47,00,14,25.5,89.1
23,48,00,14,25.5,89.2
23,49,00,33,25.5,89.3
23,50,00,19,25.5,89.3
23,51,00,45,25.5,89.3
23,52,00,23,25.5,89.3
23,53,00,15,25.6,89.1
23,54,00,34,25.6,88.9
23,55,00,37,25.6,88.8
23,56,00,29,25.6,89
23,57,00,44,25.7,88.8
23,58,00,13,25.6,88.6
23,59,00,42,25.6,88.4
