00,00,00,26,25.1,87.4
00,01,00,36,25,87.6
00,02,00,29,25.1,87.4
00,03,00,26,25,87.8
00,04,00,21,25,87.8
00,05,00,43,24.9,88
00,06,00,25,24.9,87.8
00,07,00,29,24.8,87.9
00,08,00,25,24.8,88.3
00,09,00,25,24.9,88.1
00,10,00,44,24.8,87.9
00,11,00,39,24.9,88
00,12,00,11,24.8,88
00,13,00,39,24.9,87.8
00,14,00,35,24.9,87.7
00,15,00,21,25,87.7
00,16,00,27,25,87.6
00,17,00,44,25,87.7
00,18,00,10,25,87.6
00,19,00,31,25,87.5
00,20,00,14,25,87.6
00,21,00,32,25.1,87.1
00,22,00,39,25.1,86.9
00,23,00,30,25.1,86.4
00,24,00,52,25.2,86.6
00,25,00,38,25.2,86.3
00,26,00,37,25.2,86.3
00,27,00,17,25.1,86.6
00,28,00,30,25,87.6
00,29,00,22,24.9,88
00,30,00,28,25,87.7
00,31,00,27,25.1,87.1
00,32,00,44,25.2,86.2
00,33,00,36,25.1,86
00,34,00,35,25.1,86.2
00,35,00,20,25.1,86.4
00,36,00,32,25.1,86.5
00,37,00,23,25.1,86.7
00,38,00,33,25,87.5
00,39,00,20,25,88
00,40,00,23,25.1,88.2
00,41,00,24,25.1,88
00,42,00,34,25.2,87.5
00,43,00,41,25.2,87.3
00,44,00,13,25.3,86.9
00,45,00,28,25.2,87.1
00,46,00,39,25.2,86.7
00,47,00,24,25.1,86.9
00,48,00,50,25.1,86.9
00,49,00,31,25.1,86.9
00,50,00,40,25.1,86.7
00,51,00,21,25.1,86.5
00,52,00,15,25,86.9
00,53,00,26,24.9,87.2
00,54,00,22,24.9,87
00,55,00,45,24.9,87
00,56,00,22,24.9,87
00,57,00,23,24.9,87.1
00,58,00,28,24.9,86.9
00,59,00,31,24.8,87.2
01,00,00,34,24.8,86.9
01,01,00,15,24.9,87.3
01,02,00,18,24.8,87.8
01,03,00,36,24.9,87.6
01,04,00,17,24.9,87.6
01,05,00,28,25,87.5
01,06,00,19,25,87
01,07,00,26,25,87
01,08,00,37,24.9,87.5
01,09,00,19,24.9,87.9
01,10,00,26,24.8,87.8
01,11,00,46,24.7,87.5
01,12,00,30,24.7,87.8
01,13,00,34,24.7,87.8
01,14,00,34,24.7,87.6
01,15,00,27,24.6,87.7
01,16,00,24,24.6,87.6
01,17,00,18,24.7,87.6
01,18,00,39,24.7,87.6
01,19,00,29,24.7,87.6
01,20,00,23,24.7,87.6
01,21,00,31,24.7,87.5
01,22,00,22,24.7,87.9
01,23,00,31,24.8,87.6
01,24,00,41,24.9,86.8
01,25,00,37,24.9,87.1
01,26,00,27,24.8,87.7
01,27,00,27,24.8,88.2
01,28,00,37,24.8,88.2
01,29,00,38,24.9,88.5
01,30,00,48,24.8,88.5
01,31,00,33,24.9,88.7
01,32,00,25,24.9,88.3
01,33,00,40,24.9,88.5
01,34,00,24,24.9,89.1
01,35,00,19,24.8,89.3
01,36,00,33,24.8,89.3
01,37,00,40,24.9,88.7
01,38,00,24,24.9,88.1
01,39,00,31,24.9,87.9
01,40,00,40,25,88.2
01,41,00,29,24.9,88.4
01,42,00,28,24.9,88.4
01,43,00,33,24.9,88.6
01,44,00,50,24.9,88.2
01,45,00,25,25,88.1
01,46,00,35,25,87.6
01,47,00,27,25,87.5
01,48,00,26,25,87.6
01,49,00,45,24.9,88
01,50,00,44,25,88.2
01,51,00,22,24.9,88.7
01,52,00,28,24.8,88.9
01,53,00,51,24.9,89.4
01,54,00,22,24.9,89.2
01,55,00,43,25,89.3
01,56,00,41,25,88.9
01,57,00,14,25,88.8
01,58,00,28,25.2,88.2
01,59,00,38,25.1,88.4
02,00,00,20,25.1,88.6
02,01,00,47,25.1,88.2
02,02,00,31,25.1,88
02,03,00,31,25.1,87.9
02,04,00,24,25,87.9
02,05,00,12,25,87.9
02,06,00,54,25.1,87.8
02,07,00,30,25.1,86.6
02,08,00,42,25.1,87.2
02,09,00,27,25.1,86.4
02,10,00,26,25.1,86.8
02,11,00,26,25.1,86.4
02,12,00,33,25.1,86.8
02,13,00,46,25,87.4
02,14,00,17,25,87.9
02,15,00,31,25,88.2
02,16,00,18,25,88.3
02,17,00,31,25.1,88.4
02,18,00,9,25,88.4
02,19,00,49,24.9,89.2
02,20,00,21,24.9,89.3
02,21,00,24,24.9,88.9
02,22,00,38,24.9,88.8
02,23,00,14,24.8,88.8
02,24,00,40,24.9,88.6
02,25,00,25,24.9,88.6
02,26,00,10,25.1,87.8
02,27,00,44,25,88
02,28,00,14,25,88.1
02,29,00,19,24.9,88.6
02,30,00,32,24.9,88.7
02,31,00,34,24.9,88.9
02,32,00,37,25,88.8
02,33,00,38,25.2,87.8
02,34,00,46,25.2,87
02,35,00,28,25.3,87
02,36,00,32,25.3,86.6
02,37,00,26,25.3,86.8
02,38,00,28,25.2,87.3
02,39,00,28,25.2,87.4
02,40,00,30,25.1,87.6
02,41,00,25,25.1,87.5
02,42,00,48,25.1,87.4
02,43,00,28,25,87.4
02,44,00,32,25.1,87.6
02,45,00,23,25.1,87.4
02,46,00,25,25.1,87.1
02,47,00,37,25.1,87.3
02,48,00,22,25.2,87
02,49,00,31,25.2,86.8
02,50,00,15,25.2,86.7
02,51,00,27,25.2,86.7
02,52,00,31,25.1,87.3
02,53,00,20,25,87.4
02,54,00,27,25,87.7
02,55,00,27,25,87.4
02,56,00,30,24.9,87.6
02,57,00,30,24.9,87.5
02,58,00,30,24.9,87.6
03,00,00,27,24.8,87.6
03,01,00,26,24.8,88
03,02,00,10,24.8,87.7
03,03,00,19,24.7,87.9
03,04,00,36,24.7,87.9
03,05,00,40,24.8,87.7
03,06,00,26,24.7,88
03,07,00,26,24.7,87.9
03,08,00,33,24.7,87.7
03,09,00,38,24.8,87.7
03,10,00,26,24.8,87.6
03,11,00,24,24.8,87.4
03,12,00,30,24.7,87.7
03,13,00,36,24.8,87.9
03,14,00,24,24.9,87.5
03,15,00,32,25,87.5
03,16,00,28,24.9,87.2
03,17,00,29,25,87.5
03,18,00,39,25,87.3
03,19,00,24,25,87
03,20,00,24,25,87.3
03,21,00,41,24.9,87.5
03,22,00,19,24.9,87.4
03,23,00,27,24.8,87.2
03,24,00,14,24.8,87.5
03,25,00,41,24.7,87.7
03,26,00,28,24.6,88.1
03,27,00,20,24.6,88.2
03,28,00,29,24.6,87.9
03,29,00,28,24.6,88.2
03,30,00,14,24.7,88
03,31,00,28,24.7,87.6
03,32,00,22,24.7,87.3
03,33,00,16,24.4,88.4
03,34,00,39,24.4,88.5
03,35,00,17,24.5,88.4
03,36,00,16,24.5,88.2
03,38,00,30,24.7,87.6
03,39,00,34,24.8,87.2
03,40,00,30,24.7,87.8
03,41,00,38,24.6,88.1
03,42,00,29,24.6,88.6
03,43,00,32,24.7,87.2
03,44,00,27,24.6,87.1
03,45,00,22,24.6,87.8
03,46,00,33,24.7,87.6
03,47,00,35,24.7,87.2
03,48,00,28,24.7,87.4
03,49,00,43,24.8,87.2
03,50,00,32,24.8,87
03,51,00,30,24.8,87.2
03,52,00,17,24.9,87
03,53,00,15,24.9,87.2
03,54,00,33,24.9,86.7
03,55,00,26,24.9,86.7
03,56,00,20,24.8,86.9
03,57,00,37,24.8,86.9
03,58,00,20,24.9,87
03,59,00,51,24.9,86.8
04,00,00,30,24.8,86.7
04,01,00,39,24.8,86.7
04,02,00,22,24.9,86.3
04,03,00,25,24.8,86.7
04,04,00,37,24.7,86.7
04,05,00,24,24.7,87
04,06,00,26,24.7,86.8
04,07,00,27,24.8,86.9
04,08,00,15,24.7,87.1
04,09,00,18,24.7,86.9
04,10,00,38,24.7,87.3
04,11,00,36,24.7,86.9
04,12,00,28,24.7,87.4
04,13,00,16,24.6,88.3
04,14,00,23,24.5,88.6
04,15,00,5,24.6,87.7
04,16,00,22,24.7,87.3
04,17,00,24,24.8,87.1
04,18,00,35,24.9,86.8
04,19,00,33,24.7,87.1
04,20,00,25,24.8,87
04,21,00,27,24.8,86.4
04,22,00,38,24.7,86.5
04,23,00,42,24.6,86.8
04,24,00,33,24.5,87.3
04,25,00,33,24.4,87.2
04,26,00,23,24.3,87.4
04,27,00,24,24.4,87.1
04,28,00,11,24.4,87
04,29,00,25,24.5,86.6
04,30,00,33,24.5,86.3
04,31,00,33,24.5,86.3
04,32,00,29,24.5,86.2
04,33,00,36,24.5,85.9
04,34,00,35,24.5,85.9
04,35,00,19,24.5,85.9
04,36,00,35,24.5,85.7
04,37,00,26,24.5,86.1
04,38,00,40,24.4,86.3
04,39,00,32,24.4,86.2
04,40,00,21,24.4,86.3
04,41,00,40,24.5,86
04,42,00,32,24.5,85.8
04,43,00,22,24.5,85.7
04,44,00,16,24.4,85.7
04,45,00,28,24.4,85.8
04,46,00,23,24.3,86.2
04,47,00,12,24.4,86.4
04,48,00,44,24.5,86
04,49,00,34,24.4,86
04,50,00,30,24.4,85.9
04,51,00,14,24.3,86.2
04,52,00,32,24.4,86.1
04,53,00,30,24.4,86.1
04,54,00,14,24.4,86.5
04,55,00,22,24.4,86.2
04,56,00,40,24.3,86.5
04,57,00,19,24.4,86.4
04,58,00,25,24.3,86.3
04,59,00,26,24.2,86.6
05,00,00,17,24.2,87.1
05,01,00,23,24.3,86.5
05,02,00,30,24.3,86.6
05,03,00,21,24.2,86.8
05,04,00,10,24.2,86.4
05,05,00,28,24.2,86.7
05,06,00,20,24.2,86.9
05,07,00,23,24.2,86.6
05,08,00,32,24.2,86.7
05,09,00,31,24.2,86.8
05,10,00,21,24.3,86.8
05,11,00,31,24.3,86.3
05,12,00,30,24.4,86.1
05,13,00,22,24.4,86
05,14,00,34,24.3,86.2
05,15,00,28,24.3,86.6
05,16,00,29,24.3,86.3
05,17,00,27,24.4,86.1
05,18,00,31,24.4,86
05,19,00,23,24.4,86.2
05,20,00,25,24.5,86
05,21,00,27,24.4,86.2
05,22,00,31,24.5,86
05,23,00,43,24.5,85.7
05,24,00,39,24.5,85.9
05,25,00,23,24.5,85.4
05,26,00,19,24.5,85.4
05,27,00,31,24.5,85.5
05,28,00,34,24.5,85.4
05,29,00,22,24.5,85.4
05,30,00,28,24.5,85.5
05,31,00,21,24.5,85.6
05,32,00,29,24.5,85.6
05,33,00,29,24.5,85.5
05,34,00,34,24.5,85.8
05,35,00,26,24.4,86.1
05,36,00,43,24.3,86.3
05,37,00,24,24.4,86.2
05,38,00,34,24.3,86.3
05,39,00,29,24.3,86.4
05,40,00,28,24.3,86
05,41,00,17,24.3,86.1
05,42,00,32,24.2,86.6
05,43,00,36,24.3,86.5
05,44,00,23,24.4,86.1
05,45,00,27,24.5,85.7
05,46,00,25,24.5,85.4
05,47,00,21,24.5,85.4
05,48,00,22,24.5,85.4
05,49,00,23,24.4,85.4
05,50,00,20,24.4,85.5
05,51,00,30,24.4,85.5
05,52,00,28,24.4,85.5
05,53,00,24,24.3,86.2
05,54,00,40,24.3,86
05,55,00,34,24.4,86.3
05,56,00,26,24.5,86
05,57,00,29,24.6,85.9
05,58,00,20,24.5,85.7
05,59,00,33,24.5,85.7
06,00,00,28,24.5,85.8
06,01,00,33,24.5,85.6
06,02,00,31,24.5,85.7
06,03,00,32,24.5,85.8
06,04,00,36,24.5,85.7
06,05,00,31,24.5,85.6
06,06,00,35,24.4,86.1
06,07,00,38,24.4,86.2
06,08,00,47,24.3,86.6
06,09,00,31,24.3,86.9
06,10,00,34,24.3,86.8
06,11,00,34,24.2,86.6
06,12,00,14,24.2,86.9
06,13,00,37,24.2,86.8
06,14,00,34,24.2,86.9
06,15,00,21,24.2,86.9
06,16,00,20,24.2,87.1
06,17,00,34,24.2,87.3
06,18,00,26,24.2,87
06,19,00,23,24.3,87
06,20,00,47,24.4,86.7
06,21,00,31,24.5,86.7
06,22,00,19,24.5,87.5
06,24,00,32,24.5,88
06,25,00,40,24.5,88.1
06,26,00,25,24.5,88
06,27,00,48,24.7,87.7
06,28,00,31,24.7,86
06,29,00,39,24.8,86
06,30,00,40,24.7,85.8
06,31,00,48,24.7,85.7
06,32,00,43,24.8,86
06,33,00,28,24.7,86.6
06,34,00,29,24.8,86.9
06,35,00,37,24.8,87
06,36,00,37,24.8,86.9
06,37,00,17,24.9,86.9
06,38,00,25,25,85.8
06,39,00,47,25.1,85.6
06,40,00,39,25.2,85.3
06,41,00,33,25.1,85.4
06,42,00,36,25.1,85.6
06,43,00,62,25.2,85.8
06,44,00,32,25.2,85.3
06,45,00,35,25.2,85.5
06,46,00,27,25.2,85.6
06,47,00,27,25.3,85.5
06,48,00,18,25.3,85.4
06,49,00,42,25.4,84.9
06,50,00,24,25.4,84.7
06,51,00,38,25.3,84.9
06,52,00,44,25.4,85
06,53,00,40,25.4,84.7
06,54,00,40,25.4,84.7
06,55,00,22,25.5,84.5
06,56,00,50,25.5,84.2
06,57,00,50,25.6,84.2
06,58,00,60,25.7,83.9
06,59,00,41,25.7,84
07,00,00,46,25.8,84.7
07,01,00,29,25.8,84.5
07,02,00,37,25.9,84.2
07,03,00,47,25.9,84.1
07,04,00,43,25.9,84.7
07,05,00,39,25.9,84.8
07,06,00,48,26,84.6
07,07,00,40,26.1,83.4
07,08,00,42,26.1,82.6
07,09,00,26,26,82.5
07,10,00,45,26.1,82.8
07,11,00,12,26.2,82.9
07,12,00,43,26.2,82.4
07,13,00,51,26.2,82.1
07,14,00,33,26.2,82
07,15,00,38,26.3,82.2
07,16,00,42,26.4,82.8
07,17,00,52,26.4,83.2
07,18,00,25,26.4,83.7
07,19,00,33,26.5,83.6
07,20,00,35,26.6,83
07,21,00,35,26.6,82.6
07,22,00,63,26.6,82.6
07,23,00,41,26.7,81.9
07,24,00,47,26.7,81.2
07,25,00,52,26.7,81.4
07,26,00,44,26.8,81.4
07,27,00,61,26.8,81.9
07,28,00,30,26.8,81.4
07,29,00,29,26.8,81.2
07,30,00,55,26.8,81.1
07,31,00,34,26.9,81
07,32,00,32,27,81.2
07,33,00,55,27,81.4
07,34,00,40,27,81.4
07,35,00,33,27.1,81.8
07,36,00,42,27.1,81.9
07,37,00,56,27.1,81.6
07,38,00,36,27.1,81.6
07,39,00,37,27.2,81
07,40,00,69,27.2,80.8
07,41,00,43,27.2,81.4
07,42,00,35,27.2,80.9
07,43,00,70,27.3,80.8
07,44,00,30,27.3,81.1
07,45,00,24,27.3,80.7
07,46,00,32,27.3,80.7
07,47,00,27,27.4,80.1
07,48,00,42,27.5,80.2
07,49,00,37,27.5,80.5
07,50,00,44,27.5,79.9
07,51,00,50,27.5,79.9
07,52,00,49,27.5,78.3
07,53,00,35,27.5,78.9
07,54,00,40,27.5,79.6
07,55,00,34,27.6,78.9
07,56,00,41,27.5,78.6
07,57,00,28,27.6,78.7
07,58,00,42,27.6,78.5
07,59,00,51,27.6,78
08,00,00,49,27.6,77.9
08,01,00,54,27.6,78.4
08,02,00,46,27.7,78
08,03,00,24,27.7,77.1
08,04,00,42,27.8,76.7
08,05,00,39,27.8,76.8
08,06,00,51,27.9,76.7
08,07,00,52,27.8,76.8
08,08,00,39,27.8,77.4
08,09,00,44,27.9,77
08,10,00,37,28,76.6
08,11,00,43,28.1,76.1
08,12,00,35,28.2,77.3
08,13,00,36,28.1,77.4
08,14,00,46,28.1,77.2
08,15,00,33,28.2,76.6
08,16,00,44,28.2,77.4
08,17,00,45,28.1,77.8
08,18,00,36,28.3,77.1
08,19,00,37,28.3,77.1
08,20,00,23,28.2,76
08,21,00,68,28.2,76.5
08,22,00,43,28.2,76.5
08,23,00,49,28.3,77
08,24,00,45,28.4,77.2
08,25,00,30,28.4,75
08,26,00,33,28.4,75.7
08,27,00,54,28.3,75.9
08,28,00,28,28.4,76.6
08,29,00,49,28.5,76.2
08,30,00,51,28.5,76.5
08,31,00,51,28.5,74.8
08,32,00,41,28.5,76
08,33,00,43,28.7,75.9
08,34,00,43,28.8,75.3
08,35,00,36,28.9,76.1
08,36,00,47,28.9,74.3
08,37,00,36,29,74.5
08,38,00,33,29,74.4
08,39,00,41,29,74.4
08,40,00,53,29.1,74.1
08,41,00,51,29.1,73.6
08,42,00,57,29.2,76.6
08,43,00,38,29.1,75.2
08,44,00,38,29.1,76.8
08,45,00,46,29.2,74.6
08,46,00,53,29.3,75.6
08,47,00,24,29.2,70.9
08,48,00,54,29,71.3
08,49,00,47,29.1,73.2
08,50,00,33,29.3,73.5
08,51,00,27,29.3,73.4
08,52,00,49,29.4,74.6
08,53,00,38,29.3,72.7
08,54,00,33,29.3,72.2
08,55,00,29,29.5,72.4
08,56,00,36,29.6,75
08,57,00,66,29.6,72.6
08,58,00,63,29.6,70.4
08,59,00,66,29.6,71.7
09,00,00,53,29.6,73
09,01,00,29,29.6,73.2
09,02,00,37,29.7,73.4
09,03,00,40,29.8,72.2
09,04,00,74,29.8,73.6
09,05,00,15,29.9,71.3
09,06,00,50,29.8,70.9
09,07,00,55,29.8,70.8
09,08,00,32,29.8,71.6
09,09,00,54,29.8,72
09,10,00,52,29.9,72.8
09,11,00,56,30,71.9
09,12,00,47,29.9,69.7
09,13,00,30,29.8,70.2
09,14,00,40,29.8,72.9
09,15,00,50,29.8,71.4
09,16,00,44,29.9,72.6
09,17,00,41,30,71.4
09,18,00,54,30.1,70.8
09,19,00,41,30.2,72.1
09,20,00,52,30.3,72.8
09,21,00,60,30.3,70.6
09,22,00,39,30.2,68.6
09,23,00,49,30.2,69.2
09,24,00,75,30.3,71.3
09,25,00,39,30.4,70.3
09,26,00,45,30.4,69.9
09,27,00,63,30.5,69.8
09,28,00,40,30.5,69.1
09,29,00,43,30.5,69.3
09,30,00,26,30.5,68.9
09,31,00,37,30.6,68.2
09,32,00,53,30.7,67.7
09,33,00,28,30.8,68.1
09,34,00,62,30.8,67.4
09,35,00,67,31,66.8
09,36,00,53,31,66
09,37,00,50,30.9,67.3
09,38,00,36,30.9,68.3
09,39,00,50,31,68.5
09,40,00,26,31.1,68.9
09,41,00,83,31.2,67.3
09,42,00,51,31.3,66.9
09,43,00,39,31.4,66.8
09,44,00,54,31.5,66.7
09,45,00,39,31.5,65.5
09,46,00,51,31.5,66.3
09,47,00,21,31.6,64.6
09,48,00,28,31.5,65.2
09,49,00,38,31.6,65.7
09,50,00,71,31.6,67.5
09,51,00,26,31.7,67.5
09,52,00,42,31.7,66.9
09,53,00,33,31.8,66.8
09,54,00,36,31.9,67.1
09,55,00,81,32,66.9
09,56,00,39,31.8,65.8
09,57,00,74,31.9,66.9
09,58,00,37,32,66.6
09,59,00,46,32.1,65.5
10,00,00,67,31.9,64
10,01,00,81,31.8,64.1
10,02,00,35,31.8,66.2
10,03,00,55,31.9,66
10,04,00,51,31.9,65
10,05,00,53,31.9,64.8
10,06,00,72,32,63.2
10,07,00,51,32,64.6
10,08,00,66,31.9,64.6
10,09,00,34,31.9,65.4
10,10,00,52,32,65
10,11,00,67,32.2,63.8
10,12,00,69,32.3,63.8
10,13,00,46,32.3,63.9
10,14,00,45,32.4,63.5
10,15,00,71,32.4,62.7
10,16,00,61,32.5,63.9
10,17,00,45,32.4,63.6
10,18,00,30,32.5,62.9
10,19,00,44,32.5,62.1
10,20,00,66,31.9,61.2
10,21,00,74,31.7,62.5
10,22,00,63,31.6,62.7
10,23,00,41,31.6,63.1
10,24,00,55,31.6,62.1
10,25,00,64,31.5,62.4
10,26,00,53,31.4,63
10,27,00,52,31.5,62.7
10,28,00,73,31.6,62.9
10,29,00,59,31.8,62.5
10,30,00,76,31.9,62.4
10,31,00,71,32.1,62.2
10,32,00,78,32.2,62.3
10,33,00,43,32.2,62.7
10,34,00,55,32.3,62
10,35,00,60,32.3,62.3
10,36,00,88,32.3,61.1
10,37,00,53,32.1,61.9
10,38,00,59,32.1,62.2
10,39,00,55,32,62.1
10,40,00,80,31.9,61.7
10,41,00,43,31.8,62
10,42,00,60,31.6,62.3
10,43,00,37,31.6,62.5
10,44,00,84,31.6,62.4
10,45,00,59,31.5,62.7
10,46,00,51,31.4,62.4
10,47,00,36,31.2,63.5
10,48,00,61,31.1,63.5
10,49,00,59,31.1,64.5
10,50,00,65,31,64.3
10,51,00,69,31.2,64
10,52,00,62,31.4,64.1
10,53,00,79,31.7,63.4
10,54,00,57,31.9,63.1
10,55,00,38,32.1,62.9
10,56,00,45,32,62.8
10,57,00,53,31.9,63.3
10,58,00,68,31.9,62.7
10,59,00,67,31.9,62.9
11,00,00,40,31.9,62.7
11,01,00,61,31.6,63.9
11,02,00,57,31.6,63.4
11,03,00,57,31.5,63.6
11,04,00,52,31.6,64
11,05,00,53,31.5,62.7
11,06,00,52,31.4,62.6
11,07,00,42,31.4,62.8
11,08,00,31,31.4,63.5
11,09,00,52,31.4,62.9
11,10,00,40,31.4,63.3
11,12,00,41,31.6,62.9
11,13,00,62,31.6,62.3
11,14,00,59,31.3,62.2
11,15,00,46,31.2,62.4
11,16,00,57,31.3,62.2
11,17,00,49,31.4,64.1
11,18,00,33,31.5,64.2
11,19,00,61,31.5,64.7
11,20,00,43,31.5,63.8
11,21,00,8,31.5,63.1
11,23,00,68,31.4,62.8
11,24,00,29,31.5,63
11,25,00,44,31.6,62.9
11,26,00,44,31.7,63.1
11,27,00,25,31.8,63.3
11,28,00,42,31.9,63.4
11,29,00,53,32,62.5
11,30,00,52,31.9,61.8
11,31,00,52,31.8,62
11,32,00,38,31.9,61.2
11,33,00,70,31.8,61.1
11,34,00,47,31.8,61.2
11,35,00,38,31.9,61.7
11,36,00,21,32,61.5
11,37,00,48,32,61.5
11,38,00,60,32,62.4
11,39,00,56,32.2,62.7
11,40,00,45,32.3,62.5
11,41,00,43,32.4,62.4
11,42,00,69,32.4,62.4
11,43,00,46,32.4,61.9
11,44,00,53,32.3,60.8
11,45,00,52,32.4,61.7
11,46,00,45,32.4,62
11,47,00,55,32.5,61.9
11,48,00,74,32.5,61.5
11,49,00,58,32.5,61.1
11,50,00,56,32.5,60
11,51,00,59,32.6,60.6
11,52,00,50,32.5,58.4
11,53,00,34,32.3,59.7
11,54,00,40,32.4,61.2
11,55,00,50,32.5,61.3
11,56,00,60,32.6,59.1
11,57,00,80,32.5,59.8
11,58,00,45,32.6,60
11,59,00,44,32.6,61.8
12,00,00,61,32.5,60.7
12,01,00,47,32.5,59
12,02,00,67,32.4,59.1
12,03,00,53,32.2,59.3
12,04,00,41,32.1,60
12,05,00,76,32.2,60.2
12,06,00,64,32.2,60.3
12,07,00,47,32.2,60.2
12,08,00,56,32.2,60.5
12,09,00,66,32.2,60.6
12,10,00,59,32.3,61.6
12,11,00,50,32.4,60.6
12,12,00,35,32.3,59.4
12,13,00,43,32.1,59.9
12,14,00,41,32.2,60.1
12,15,00,33,32.3,60.3
12,16,00,49,32.3,60.4
12,17,00,45,32.3,60.2
12,18,00,31,32.4,60.2
12,19,00,43,32.5,60.4
12,20,00,39,32.4,60.2
12,21,00,41,32.5,60.1
12,22,00,76,32.6,60.8
12,23,00,31,32.7,60.2
12,24,00,60,32.7,60.3
12,25,00,40,32.8,60.2
12,26,00,49,32.7,59.4
12,27,00,39,32.7,59.4
12,28,00,54,32.8,59.6
12,29,00,52,32.8,59.7
12,30,00,53,32.8,60.6
12,31,00,52,32.8,61.5
12,32,00,47,32.8,60.5
12,33,00,43,32.9,61.4
12,34,00,55,32.9,61.3
12,35,00,52,32.9,62.2
12,36,00,69,32.9,61.6
12,37,00,61,32.8,60.9
12,38,00,34,32.8,61.4
12,39,00,76,32.9,61.6
12,40,00,42,32.9,61.3
12,41,00,55,32.9,61
12,42,00,51,32.8,60.9
12,43,00,54,32.8,61.1
12,44,00,58,32.8,61
12,45,00,56,32.8,61.6
12,46,00,52,32.8,61.4
12,47,00,60,32.7,61.4
12,48,00,48,32.7,61.4
12,49,00,57,32.8,61.3
12,50,00,61,32.8,61.3
12,51,00,56,32.8,60.8
12,52,00,56,32.8,60.9
12,53,00,58,32.8,61.4
12,54,00,48,32.7,60.9
12,55,00,60,32.5,60.6
12,56,00,61,32.5,61.2
12,57,00,71,32.6,61.2
12,58,00,78,32.7,61.1
12,59,00,48,32.8,60.9
13,00,00,54,32.8,61.4
13,01,00,53,33,60.9
13,02,00,50,33,60.9
13,03,00,46,33,61.8
13,04,00,74,33.1,61.3
13,05,00,66,33.1,61.2
13,06,00,71,33.2,60.6
13,07,00,84,33.2,60
13,08,00,39,33.3,60.7
13,09,00,62,33.2,59.3
13,10,00,39,33.3,59.1
13,11,00,79,33.3,60.6
13,12,00,53,33.3,59.5
13,13,00,95,33.4,60.2
13,14,00,22,33.5,60.3
13,15,00,74,33.6,59.9
13,16,00,68,33.5,60.2
13,17,00,53,33.6,60.3
13,18,00,70,33.8,60.2
13,20,00,49,33.8,59.9
13,21,00,38,33.8,60.4
13,22,00,52,33.7,60.7
13,23,00,54,33.7,60.5
13,24,00,50,33.6,60.9
13,25,00,40,33.5,60.5
13,26,00,49,33.5,60.5
13,27,00,69,33.5,60.8
13,28,00,71,33.4,60.8
13,29,00,50,33.3,59.5
13,30,00,56,33,60.1
13,31,00,55,32.8,60.5
13,32,00,44,32.7,61.2
13,33,00,47,32.8,61
13,34,00,41,32.8,60.9
13,35,00,87,32.9,61.4
13,36,00,46,33,61
13,37,00,39,33.2,61.2
13,38,00,57,33.2,61.7
13,39,00,43,33.2,60.8
13,40,00,65,33.2,61.2
13,41,00,26,33.2,60.5
13,42,00,49,33.3,60.7
13,43,00,48,33.2,60.9
13,44,00,49,33.1,60.8
13,45,00,45,33,60.5
13,46,00,46,32.9,61.3
13,47,00,59,32.9,60.1
13,48,00,67,32.9,60.6
13,49,00,54,32.9,61.4
13,50,00,53,33,61.4
13,51,00,38,33.1,61.9
13,52,00,52,33.3,61.7
13,53,00,83,33.4,60.5
13,54,00,99,33.4,59.6
13,55,00,37,33.3,59
13,56,00,85,33.3,60.8
13,57,00,62,33.4,60.7
13,58,00,79,33.5,60.7
13,59,00,48,33.5,59.6
14,00,00,69,33.5,59.8
14,01,00,90,33.4,60.1
14,02,00,77,33.5,60.6
14,03,00,47,33.5,60.3
14,04,00,99,33.5,60.2
14,05,00,87,33.6,60.3
14,06,00,56,33.7,60.4
14,07,00,47,33.7,60.3
14,08,00,55,33.8,60.5
14,09,00,79,33.9,60.1
14,10,00,32,34,59.4
14,11,00,62,34.1,59.4
14,12,00,29,34,58.9
14,13,00,46,34,59.1
14,14,00,58,33.9,58.6
14,15,00,42,33.9,59.2
14,16,00,58,33.8,59.7
14,17,00,35,33.8,60
14,18,00,37,33.8,59.7
14,19,00,44,33.7,58.7
14,20,00,49,33.7,59.1
14,21,00,38,33.6,60
14,22,00,44,33.7,59.3
14,23,00,29,33.6,58.4
14,24,00,50,33.4,59.9
14,25,00,46,33.3,60.1
14,26,00,58,33.4,60.1
14,27,00,39,33.3,60.5
14,28,00,36,33.2,59.8
14,29,00,48,33,60.9
14,30,00,36,32.9,61
14,31,00,47,32.8,59.6
14,32,00,36,32.8,60.2
14,33,00,24,32.8,61.5
14,34,00,53,32.7,60.5
14,35,00,38,32.6,60.1
14,36,00,29,32.6,60.3
14,37,00,30,32.4,60.6
14,38,00,54,32.3,60.6
14,39,00,43,32.3,60
14,40,00,54,32.3,59.8
14,41,00,71,32.2,59.8
14,42,00,70,32.2,59.6
14,43,00,38,32.2,59.8
14,44,00,43,32.3,59.5
14,45,00,33,32.3,59.7
14,46,00,54,32.2,59.8
14,47,00,41,32.2,59.7
14,48,00,37,32.2,60.5
14,49,00,52,32.1,60.8
14,50,00,49,32.1,60.9
14,51,00,50,32.2,61
14,52,00,42,32.2,61.5
14,53,00,33,32.1,61.6
14,54,00,43,32.1,62.2
14,55,00,58,32.1,61.9
14,56,00,32,32,61.8
14,57,00,40,32,61.7
14,58,00,41,32,62.3
14,59,00,33,32,62.9
15,00,00,47,31.9,64.4
15,01,00,43,31.9,65.6
15,02,00,39,31.9,65.7
15,03,00,20,31.8,65.3
15,04,00,40,31.7,65.9
15,05,00,25,31.6,66
15,06,00,32,31.6,65.6
15,07,00,29,31.5,66.9
15,08,00,28,31.2,65.5
15,09,00,34,30.8,65.9
15,10,00,36,30.5,66.4
15,11,00,26,30.4,68.5
15,12,00,49,30,67.6
15,13,00,30,29.9,68.8
15,14,00,21,30,69.8
15,15,00,37,30.1,69.8
15,16,00,36,30,70.9
15,17,00,56,30,70.7
15,18,00,30,30,72.9
15,19,00,43,29.9,72
15,20,00,47,29.8,73
15,21,00,35,29.9,72.6
15,22,00,47,30,72.1
15,23,00,36,29.8,71.9
15,24,00,26,29.8,72.5
15,25,00,35,29.6,71.4
15,26,00,31,29.4,73.2
15,27,00,41,29.3,73.3
15,28,00,23,29.1,73.7
15,29,00,29,29.2,73.5
15,30,00,23,29.1,72.8
15,31,00,32,28.9,73
15,32,00,42,28.9,73.3
15,33,00,16,28.6,72.4
15,34,00,19,28.4,73.6
15,35,00,39,28.5,74.3
15,36,00,18,28.5,76.9
15,37,00,32,28.3,78.3
15,38,00,35,28,80.2
15,39,00,19,27.9,81
15,40,00,29,28,80.3
15,41,00,22,28,80.7
15,42,00,28,28,79.5
15,43,00,36,28,79.1
15,44,00,20,28.2,79.6
15,45,00,46,28.1,82
15,46,00,31,28.2,82.3
15,47,00,34,28.1,81.6
15,48,00,66,28.1,81.1
15,49,00,40,28,79.4
15,50,00,31,28.1,76.9
15,51,00,42,28,78.9
15,52,00,29,28,79.2
15,53,00,33,28.1,79.8
15,54,00,31,27.9,80.4
15,55,00,33,28.1,78.1
15,56,00,32,28.1,79.4
15,57,00,23,28,77.7
15,58,00,43,28.1,79.1
15,59,00,47,28.2,80.7
16,00,00,27,28.3,79.6
16,01,00,40,28.4,80.4
16,02,00,45,28.4,80.4
16,03,00,29,28.3,80.8
16,04,00,22,28.2,81
16,05,00,34,28.3,79.8
16,06,00,26,28.4,79.7
16,07,00,25,28.3,78.8
16,08,00,36,28.3,79.1
16,09,00,29,28.3,77.5
16,10,00,18,28.3,77.9
16,11,00,22,28.2,78.1
16,12,00,26,28.2,78.7
16,13,00,50,27.8,79
16,14,00,44,27.8,80.2
16,15,00,42,27.9,80.7
16,16,00,29,28,80.6
16,17,00,41,27.9,80.2
16,18,00,38,27.8,80.3
16,19,00,34,27.9,80.8
16,20,00,34,28,80.7
16,21,00,35,28,80.9
16,22,00,34,28,81.1
16,23,00,31,28,81.3
16,24,00,34,28,81.2
16,25,00,30,27.9,81
16,26,00,30,27.9,81.8
16,27,00,27,27.8,82
16,28,00,31,27.7,82
16,29,00,26,27.6,83.2
16,30,00,33,27.5,82
16,31,00,22,27.6,82
16,32,00,20,27.6,82.5
16,33,00,30,27.6,82.5
16,34,00,21,27.6,82.2
16,35,00,28,27.6,81.7
16,36,00,25,27.6,81.9
16,37,00,19,27.7,82.1
16,38,00,35,27.8,83.6
16,39,00,28,27.6,82.1
16,40,00,26,27.7,82.9
16,41,00,30,27.6,82.9
16,42,00,25,27.5,83.9
16,43,00,31,27.5,83.8
16,44,00,15,27.5,84.3
16,45,00,28,27.6,83.4
16,46,00,24,27.7,83.6
16,47,00,24,27.6,84.2
16,48,00,41,27.6,83.7
16,49,00,32,27.6,84
16,50,00,28,27.5,84.1
16,51,00,16,27.5,84
16,52,00,38,27.4,84.7
16,53,00,24,27.3,85.2
16,54,00,29,27.1,84.9
16,55,00,41,27,84.9
16,56,00,27,27,85.2
16,57,00,33,27.1,86.3
16,58,00,26,27.2,85.6
16,59,00,28,27.3,84.1
17,00,00,28,27.2,85.1
17,01,00,22,27.2,85.8
17,02,00,24,27.3,86
17,03,00,26,27.1,85.7
17,04,00,23,27.1,85.7
17,05,00,19,27.1,84.3
17,06,00,20,27.1,84.8
17,07,00,36,27.1,85
17,08,00,15,27,86.4
17,09,00,28,26.9,85.4
17,10,00,26,27,84.8
17,11,00,24,27,85
17,12,00,20,27,84.6
17,13,00,29,27,84.9
17,14,00,30,27.1,85.2
17,15,00,18,27.1,84.5
17,16,00,30,27.1,83.6
17,17,00,20,26.9,83.3
17,18,00,27,26.8,83.9
17,19,00,36,26.7,83
17,20,00,22,26.7,83.2
17,21,00,36,26.7,83.9
17,22,00,24,26.7,84.6
17,23,00,25,26.6,84.5
17,24,00,29,26.5,84.1
17,25,00,25,26.5,84.5
17,26,00,18,26.7,84.2
17,27,00,26,26.7,84.4
17,28,00,29,26.8,84.6
17,29,00,31,26.9,83.8
17,30,00,28,27,84
17,31,00,38,27,84.1
17,32,00,28,26.8,85.7
17,33,00,26,26.6,86.4
17,34,00,10,26.5,85.7
17,35,00,13,26.6,86.5
17,36,00,23,26.6,85.7
17,37,00,19,26.5,85.9
17,38,00,43,26.4,86.3
17,39,00,25,26.5,87.1
17,40,00,31,26.4,87.7
17,41,00,24,26.5,88
17,42,00,23,26.5,87.2
17,43,00,25,26.6,87
17,44,00,26,26.6,86
17,45,00,30,26.5,86.7
17,46,00,26,26.5,86.6
17,47,00,27,26.6,86.5
17,48,00,33,26.6,86.4
17,49,00,11,26.6,86.3
17,50,00,28,26.6,86.6
17,51,00,27,26.6,86.8
17,52,00,27,26.6,87
17,53,00,37,26.6,86.9
17,54,00,32,26.4,87.5
17,55,00,23,26.4,87.1
17,56,00,32,26.3,87.8
17,57,00,37,26.4,88.2
17,58,00,28,26.5,88
17,59,00,18,26.5,88.3
18,00,00,20,26.5,88.1
18,01,00,29,26.4,88.5
18,02,00,45,26.4,88.4
18,03,00,30,26.5,88.2
18,04,00,26,26.5,87.6
18,05,00,31,26.3,88.7
18,06,00,30,26.1,89.8
18,07,00,26,26,89.7
18,08,00,32,26,90
18,09,00,34,26,89.9
18,10,00,27,26,89.9
18,12,00,18,26.1,89.3
18,13,00,23,26.2,88
18,14,00,19,26.2,88.3
18,15,00,29,26.2,88.1
18,16,00,30,26,88.2
18,17,00,44,25.9,88.8
18,18,00,51,26,88.7
18,19,00,32,26,89.1
18,20,00,29,26,89.8
18,21,00,15,25.9,90.4
18,22,00,36,25.9,90.2
18,23,00,23,25.8,89.6
18,24,00,30,25.8,90.6
18,25,00,21,25.9,90.7
18,26,00,27,26,90.6
18,27,00,32,25.9,90.3
18,28,00,36,25.8,90.6
18,30,00,34,25.7,91
18,31,00,38,25.7,90.9
18,32,00,37,25.6,90.1
18,33,00,33,25.5,90.8
18,34,00,17,25.6,90.4
18,35,00,17,25.5,90.3
18,36,00,29,25.6,90.5
18,37,00,20,25.4,89.4
18,38,00,33,25.4,90.5
18,39,00,26,25.6,89.5
18,40,00,23,25.8,88.9
18,41,00,36,25.8,89.3
18,42,00,18,25.9,88.6
18,43,00,27,25.8,88.6
18,44,00,25,25.8,88.9
18,45,00,34,25.8,89
18,46,00,26,25.9,88.2
18,47,00,36,25.8,88.6
18,48,00,23,25.8,88.7
18,49,00,27,25.8,88.4
18,50,00,18,25.7,88.5
18,51,00,38,25.8,88.8
18,52,00,29,25.7,89.6
18,53,00,22,25.7,89.8
18,54,00,27,25.6,90.4
18,55,00,52,25.7,90.3
18,56,00,13,25.6,90.2
18,57,00,31,25.6,91
18,58,00,32,25.7,90.2
18,59,00,37,25.8,89.8
19,00,00,23,25.8,89.8
19,01,00,32,25.9,89.7
19,02,00,38,25.8,89.5
19,03,00,35,25.7,88.8
19,04,00,18,25.6,89.5
19,05,00,19,25.6,90.6
19,06,00,18,25.5,90.3
19,07,00,20,25.5,91.2
19,08,00,19,25.4,91.4
19,09,00,39,25.5,90.9
19,10,00,45,25.5,90.8
19,11,00,21,25.4,91.3
19,12,00,25,25.3,91.1
19,13,00,32,25.3,91.7
19,14,00,19,25.5,91.4
19,15,00,22,25.5,91
19,16,00,28,25.5,91.4
19,17,00,29,25.5,90.9
19,18,00,20,25.6,91
19,19,00,15,25.6,90.9
19,20,00,22,25.7,90.6
19,21,00,35,25.8,89.6
19,22,00,26,25.8,89.4
19,23,00,37,25.8,89.9
19,24,00,21,25.8,89.4
19,25,00,22,25.9,88.9
19,26,00,27,25.8,89.6
19,27,00,29,25.8,89.4
19,28,00,15,25.6,90.3
19,29,00,21,25.5,90.8
19,30,00,19,25.6,90.5
19,31,00,29,25.6,90.8
19,32,00,44,25.5,90.5
19,33,00,37,25.5,90.6
19,34,00,26,25.5,90.5
19,35,00,41,25.5,90.6
19,36,00,20,25.6,89.9
19,37,00,30,25.6,89.9
19,38,00,38,25.5,90.3
19,39,00,38,25.6,90
19,40,00,18,25.7,89.3
19,41,00,26,25.7,89.2
19,42,00,34,25.7,89
19,43,00,30,25.7,88.6
19,44,00,21,25.7,88.4
19,45,00,43,25.6,88.6
19,46,00,25,25.6,89
19,47,00,28,25.5,88.5
19,48,00,26,25.6,88.9
19,49,00,12,25.6,89.4
19,50,00,31,25.6,89.1
19,51,00,32,25.7,89
19,52,00,20,25.8,88.1
19,53,00,14,25.7,88.1
19,54,00,35,25.6,87.8
19,55,00,30,25.5,88.7
19,56,00,37,25.5,88.4
19,57,00,36,25.5,88.7
19,58,00,30,25.5,88.9
19,59,00,30,25.5,88.7
20,00,00,29,25.5,88.6
20,01,00,21,25.4,88.8
20,02,00,28,25.3,88.8
20,03,00,25,25.4,89.1
20,04,00,10,25.5,88.7
20,05,00,35,25.5,88.6
20,06,00,22,25.4,89.1
20,07,00,31,25.5,89.1
20,08,00,29,25.5,89.1
20,09,00,18,25.4,88.7
20,10,00,47,25.4,89.3
20,11,00,18,25.5,88.9
20,12,00,9,25.5,89.3
20,13,00,28,25.4,89.7
20,14,00,31,25.4,88.9
20,15,00,25,25.5,88.9
20,16,00,32,25.5,88.7
20,17,00,15,25.6,88.7
20,18,00,37,25.7,88.1
20,19,00,41,25.7,87.9
20,20,00,25,25.6,87.8
20,21,00,43,25.6,87.8
20,22,00,42,25.5,88
20,23,00,36,25.6,88.2
20,24,00,25,25.7,88.4
20,25,00,31,25.7,87.9
20,26,00,28,25.7,87.9
20,27,00,22,25.7,88.2
20,28,00,20,25.7,88
20,29,00,31,25.7,87.9
20,30,00,45,25.7,87.9
20,31,00,29,25.7,88.1
20,32,00,22,25.8,88.1
20,33,00,36,25.8,88.6
20,34,00,18,25.8,88.3
20,35,00,42,25.7,88.7
20,36,00,34,25.6,89.3
20,37,00,37,25.7,88.8
20,38,00,38,25.8,88.2
20,39,00,38,25.7,87.7
20,40,00,38,25.6,88
20,41,00,37,25.5,88.6
20,42,00,20,25.5,88.6
20,43,00,16,25.5,88.6
20,44,00,27,25.4,88.7
20,45,00,18,25.4,88.7
20,46,00,22,25.5,88.8
20,47,00,34,25.6,88.3
20,48,00,30,25.5,88.6
20,49,00,26,25.5,88.4
20,50,00,32,25.5,88.8
20,51,00,28,25.4,88.8
20,52,00,33,25.4,89
20,53,00,27,25.4,89.4
20,54,00,32,25.4,88.9
20,55,00,38,25.4,89.1
20,56,00,41,25.4,89.1
20,57,00,28,25.3,89.3
20,58,00,30,25.2,89.9
20,59,00,54,25.1,90.1
21,00,00,35,25.2,90
21,01,00,38,25.1,90.4
21,02,00,43,25.1,90.2
21,03,00,31,25.1,90.5
21,04,00,34,25.1,90.1
21,05,00,40,25.1,89.9
21,06,00,29,25.1,90.1
21,07,00,39,25.1,90
21,08,00,31,25.1,90
21,09,00,41,25.2,89.6
21,10,00,18,25.2,89.5
21,11,00,32,25.2,89.7
21,12,00,20,25.2,89.8
21,13,00,20,25.2,89.4
21,14,00,36,25.2,89.8
21,15,00,30,25.1,89.7
21,16,00,36,25.1,89.8
21,17,00,28,25.2,89.8
21,18,00,29,25.2,89
21,19,00,38,25.2,89.2
21,20,00,12,25.3,89.2
21,21,00,26,25.3,89
21,22,00,20,25.4,88.5
21,23,00,56,25.4,88.6
21,24,00,13,25.4,88.5
21,25,00,31,25.4,89.1
21,26,00,36,25.4,88.9
21,27,00,26,25.3,89.1
21,28,00,15,25.3,89.4
21,29,00,31,25.2,89.4
21,30,00,25,25.1,89.4
21,31,00,30,25.1,89.6
21,32,00,21,25.1,89.6
21,33,00,26,25.1,89.5
21,34,00,28,25.2,89.4
21,35,00,30,25.2,90
21,36,00,24,25.2,89.6
21,37,00,15,25.2,89.3
21,38,00,24,25.2,89.3
21,39,00,30,25.3,89.6
21,40,00,29,25.3,89.3
21,41,00,34,25.3,89.6
21,42,00,20,25.4,89.4
21,43,00,35,25.3,90.1
21,44,00,35,25.3,90.3
21,45,00,23,25.2,90.6
21,46,00,20,25.2,90.9
21,47,00,25,25.3,90.7
21,48,00,42,25.2,90.6
21,49,00,40,25.3,90.7
21,50,00,28,25.4,90.3
21,51,00,18,25.4,89.4
21,52,00,22,25.3,89.1
21,53,00,33,25.3,89.5
21,54,00,27,25.3,89.5
21,55,00,55,25.3,89.6
21,56,00,35,25.3,89.8
21,57,00,30,25.2,89.7
21,58,00,30,25.2,89.7
21,59,00,18,25.2,89.7
22,00,00,35,25.1,90
22,01,00,21,25.1,90.1
22,02,00,36,25.1,90
22,03,00,14,25.1,90.1
22,04,00,23,25.1,90.2
22,06,00,30,25.1,89.9
22,07,00,25,25.1,90.2
22,08,00,24,25.1,90.3
22,09,00,30,25.1,90.8
22,10,00,16,25.1,91
22,11,00,15,25.1,90.8
22,12,00,27,25.2,91.2
22,13,00,32,25.1,90.7
22,14,00,29,25.2,90.8
22,15,00,34,25.3,90.3
22,16,00,22,25.4,89.8
22,17,00,28,25.4,89.3
22,18,00,28,25.5,89.1
22,19,00,29,25.5,88.7
22,20,00,42,25.4,88.9
22,21,00,37,25.4,88.7
22,22,00,31,25.4,88.8
22,23,00,24,25.5,89.3
22,24,00,22,25.5,89.1
22,25,00,21,25.4,89.4
22,26,00,28,25.4,89.9
22,27,00,21,25.3,90.8
22,28,00,19,25.3,90.6
22,29,00,14,25.3,90.7
22,30,00,22,25.2,90.6
22,31,00,23,25.2,90.8
22,32,00,17,25.2,90.7
22,33,00,35,25.2,91.1
22,34,00,34,25.2,91
22,35,00,29,25.2,91
22,36,00,26,25.3,89.9
22,37,00,40,25.4,89.6
22,38,00,13,25.4,89.5
22,39,00,31,25.3,89.5
22,40,00,26,25.3,89.2
22,41,00,35,25.3,89.6
22,42,00,27,25.3,89.3
22,43,00,8,25.3,88.6
22,44,00,15,25.2,89.1
22,45,00,35,25.3,89.4
22,46,00,24,25.3,89.2
22,47,00,13,25.4,89.1
22,48,00,14,25.4,88.9
22,49,00,31,25.3,89.1
22,50,00,17,25.4,88.9
22,51,00,44,25.3,88.8
22,52,00,25,25.2,89.2
22,53,00,44,25.1,90.1
22,54,00,26,25.1,89.8
22,55,00,22,25.1,89.7
22,56,00,23,25.1,89.7
22,57,00,28,25.2,89.5
22,58,00,30,25.2,89.4
22,59,00,20,25.3,89.4
23,00,00,25,25.3,89
23,01,00,21,25.3,89.3
23,02,00,19,25.4,89.5
23,03,00,32,25.4,89.3
23,04,00,32,25.4,89.1
23,05,00,34,25.4,89.4
23,06,00,25,25.4,89.3
23,07,00,20,25.3,89.9
23,08,00,17,25.3,90.6
23,09,00,44,25.2,90.8
23,10,00,37,25.2,90.9
23,11,00,17,25.2,90.4
23,12,00,15,25.3,90.2
23,13,00,33,25.3,89.4
23,14,00,15,25.4,89
23,15,00,33,25.4,88.9
23,16,00,36,25.4,88.4
23,17,00,30,25.3,88.4
23,18,00,21,25.3,89
23,19,00,14,25.3,88.6
23,20,00,32,25.2,88.8
23,21,00,29,25.2,88.5
23,22,00,35,25.1,89
23,23,00,26,25.1,88.7
23,24,00,21,25.1,88.9
23,25,00,34,25.1,89
23,26,00,32,25.1,89.1
23,27,00,37,25.2,88.9
23,28,00,33,25.2,88.7
23,29,00,18,25.3,88.9
23,30,00,21,25.3,89
23,31,00,16,25.4,89
23,32,00,43,25.4,88.4
23,33,00,37,25.4,88.1
23,34,00,25,25.3,88.1
23,35,00,31,25.3,88.2
23,36,00,18,25.3,88.6
23,37,00,24,25.3,88.6
23,38,00,24,25.3,88.4
23,39,00,33,25.2,88.8
23,40,00,29,25.2,88.7
23,41,00,23,25.1,89.3
23,42,00,35,25.1,89.4
23,43,00,25,25,90.1
23,44,00,41,25,91.1
23,45,00,51,24.9,91.2
23,46,00,25,24.9,91.6
23,47,00,29,24.9,91.3
23,48,00,34,24.9,91.2
23,49,00,22,25.1,90.8
23,50,00,19,25.1,90.2
23,51,00,26,25.2,89.9
23,52,00,32,25.3,89.9
23,53,00,20,25.2,89.6
23,54,00,39,25.3,89.3
23,55,00,24,25.3,89.3
23,56,00,18,25.3,89.6
23,57,00,30,25.3,89.5
23,58,00,26,25.3,89.7
23,59,00,15,25.3,89.6
